"Date","Open","High","Low","Close","TotalVolume"
2008/1/2,62.00,62.00,60.20,60.50,38971
2008/1/3,59.90,60.00,59.40,59.40,34838
2008/1/4,59.30,60.40,58.50,60.00,48401
2008/1/7,57.00,58.00,55.80,55.80,103230
2008/1/8,55.80,56.60,55.50,56.00,47333
2008/1/9,55.00,57.00,54.50,57.00,45113
2008/1/10,57.00,57.40,55.30,55.70,61535
2008/1/11,56.10,56.10,54.70,55.00,72676
2008/1/14,56.50,56.80,54.70,54.90,77263
2008/1/15,55.40,57.90,55.20,57.50,97601
2008/1/16,55.60,56.20,54.90,55.40,78669
2008/1/17,55.60,56.40,54.50,54.70,51230
2008/1/18,54.00,54.90,53.30,54.60,65496
2008/1/21,54.60,54.70,53.30,53.30,42792
2008/1/22,49.60,51.10,49.60,49.60,87259
2008/1/23,51.00,51.40,50.40,51.00,78327
2008/1/24,54.50,54.50,53.10,53.70,71477
2008/1/25,55.00,56.00,55.00,55.50,50414
2008/1/28,55.40,55.40,54.00,54.20,39643
2008/1/29,55.90,57.00,55.60,57.00,58213
2008/1/30,57.50,58.30,57.00,57.80,110697
2008/1/31,57.50,59.90,57.30,59.90,171328
2008/2/1,61.00,62.20,60.40,61.40,134708
2008/2/12,59.70,60.30,59.70,60.00,103197
2008/2/13,61.00,61.00,59.90,59.90,52232
2008/2/14,60.20,62.00,60.20,62.00,73145
2008/2/15,61.00,61.70,60.90,61.50,30297
2008/2/18,61.50,61.80,59.70,60.00,52091
2008/2/19,60.80,61.50,60.00,61.50,20133
2008/2/20,61.40,61.40,59.70,61.10,41016
2008/2/21,61.50,62.10,61.10,61.90,40472
2008/2/22,60.90,61.00,60.10,60.90,37270
2008/2/25,61.00,61.50,60.60,61.20,40050
2008/2/26,61.80,62.50,61.50,62.40,59664
2008/2/27,62.80,63.60,62.70,63.60,93695
2008/2/29,62.60,63.50,61.60,61.60,63516
2008/3/3,60.10,60.70,60.00,60.70,47078
2008/3/4,60.10,63.00,60.10,62.90,73566
2008/3/5,63.50,63.50,62.50,63.30,70208
2008/3/6,63.50,64.90,63.50,64.90,64665
2008/3/7,63.60,64.50,63.30,64.00,53050
2008/3/10,62.90,62.90,61.00,61.20,59861
2008/3/11,60.60,62.40,60.60,62.40,43343
2008/3/12,64.00,64.20,63.10,63.80,46949
2008/3/13,62.70,63.50,61.50,62.00,42307
2008/3/14,62.50,62.60,60.60,61.10,45820
2008/3/17,60.00,60.30,59.50,59.90,90229
2008/3/18,59.90,60.60,59.50,59.90,47527
2008/3/19,61.50,62.10,60.80,62.10,43275
2008/3/20,61.70,62.90,61.00,62.60,54424
2008/3/21,63.60,64.90,63.60,64.80,102434
2008/3/24,69.30,69.30,67.30,67.40,130572
2008/3/25,67.40,67.40,66.40,67.20,88062
2008/3/26,65.80,67.00,65.50,67.00,54421
2008/3/27,65.00,65.09,63.60,63.80,54821
2008/3/28,62.20,63.30,62.00,62.30,109946
2008/3/31,61.70,63.10,61.10,63.10,74469
2008/4/1,62.50,63.50,61.80,61.80,49055
2008/4/2,63.50,65.00,63.10,64.00,63876
2008/4/3,64.00,64.90,63.90,64.40,28588
2008/4/7,64.30,65.09,64.20,65.00,45908
2008/4/8,64.59,65.00,63.60,64.40,42270
2008/4/9,63.00,64.50,62.80,63.10,42860
2008/4/10,63.20,65.30,63.10,64.50,47626
2008/4/11,64.30,64.59,63.50,64.09,37042
2008/4/14,63.30,63.60,63.00,63.00,36204
2008/4/15,63.00,63.80,62.80,63.00,38175
2008/4/16,64.00,65.20,63.70,65.20,46624
2008/4/17,67.09,67.50,66.59,67.09,101937
2008/4/18,66.80,66.80,66.00,66.80,33795
2008/4/21,66.80,67.50,66.80,67.40,39126
2008/4/22,67.30,67.30,66.59,67.30,38313
2008/4/23,66.00,66.00,64.59,64.59,71085
2008/4/24,64.40,64.50,63.50,63.90,63782
2008/4/25,64.00,64.90,64.00,64.70,47934
2008/4/28,64.00,66.50,63.50,66.50,75601
2008/4/29,66.50,67.00,64.70,64.70,54316
2008/4/30,65.20,67.20,65.20,66.70,78540
2008/5/2,68.00,68.20,67.59,68.00,91956
2008/5/5,68.00,68.09,66.30,67.20,44635
2008/5/6,67.40,68.00,66.80,68.00,33327
2008/5/7,68.70,69.00,68.09,68.20,52641
2008/5/8,68.00,68.00,66.00,67.50,47242
2008/5/9,67.50,67.70,66.09,66.30,43012
2008/5/12,66.80,67.80,66.09,67.59,27854
2008/5/13,68.30,68.90,67.59,68.90,64228
2008/5/14,69.00,69.20,68.09,68.59,66677
2008/5/15,68.80,68.90,67.90,68.59,83929
2008/5/16,68.59,69.30,68.59,69.20,96718
2008/5/19,69.20,69.80,69.20,69.40,81981
2008/5/20,69.20,69.50,67.40,68.20,76014
2008/5/21,67.80,67.90,67.00,67.30,42667
2008/5/22,66.20,66.90,65.90,66.90,44428
2008/5/23,66.00,66.59,65.50,65.50,60286
2008/5/26,64.80,65.80,64.50,65.50,48696
2008/5/27,66.50,66.50,65.20,65.80,32660
2008/5/28,66.80,67.50,66.59,67.00,108787
2008/5/29,68.00,68.09,67.09,67.09,102478
2008/5/30,67.90,68.00,65.59,65.59,179172
2008/6/2,66.50,67.59,66.30,67.59,52392
2008/6/3,67.40,67.59,66.09,66.09,61837
2008/6/4,66.20,67.30,66.20,67.09,34519
2008/6/5,67.40,67.80,66.50,67.80,80970
2008/6/6,68.70,68.90,68.40,68.40,83396
2008/6/9,67.00,67.00,65.09,65.30,106078
2008/6/10,65.00,65.20,63.90,63.90,88407
2008/6/11,64.50,65.90,64.20,65.90,46578
2008/6/12,64.50,65.40,64.00,64.80,74064
2008/6/13,65.20,65.40,64.80,64.80,51762
2008/6/16,65.80,66.00,65.30,65.90,35292
2008/6/17,65.00,65.40,64.80,65.20,43824
2008/6/18,64.90,65.90,64.59,65.50,34616
2008/6/19,64.30,65.00,63.50,64.30,65982
2008/6/20,64.50,64.90,63.20,63.70,66852
2008/6/23,63.20,64.59,62.60,64.09,49182
2008/6/24,65.00,65.09,64.20,64.20,60307
2008/6/25,64.50,66.50,64.30,66.20,92105
2008/6/26,66.70,66.70,64.59,65.00,53036
2008/6/27,63.10,65.00,62.70,64.00,175632
2008/6/30,63.90,65.09,63.50,65.00,87645
2008/7/1,64.00,65.09,64.00,64.20,31904
2008/7/2,64.00,64.20,61.80,61.80,79507
2008/7/3,59.50,60.40,57.50,58.80,116528
2008/7/4,59.30,59.90,58.40,59.00,55747
2008/7/7,59.70,60.50,58.80,60.10,40724
2008/7/8,59.90,59.90,58.30,58.90,65009
2008/7/9,59.50,60.70,59.10,59.50,54397
2008/7/10,58.90,60.30,58.70,59.50,42157
2008/7/11,60.50,63.00,59.80,62.40,59911
2008/7/14,61.10,61.90,60.10,60.60,40632
2008/7/15,59.30,59.50,57.60,57.60,63641
2008/7/16,54.60,54.60,53.20,53.80,86596
2008/7/17,55.90,57.50,55.90,57.50,68547
2008/7/18,59.00,59.40,57.00,58.00,68762
2008/7/21,59.40,60.40,59.40,59.80,55506
2008/7/22,59.30,59.30,57.20,57.90,64694
2008/7/23,58.50,58.50,57.10,57.60,72128
2008/7/24,58.20,58.90,58.10,58.90,40281
2008/7/25,58.20,58.20,57.20,57.80,35148
2008/7/29,56.00,56.00,54.30,55.00,73333
2008/7/30,56.80,57.00,56.00,57.00,50789
2008/7/31,57.00,57.10,55.70,56.20,50775
2008/8/1,55.00,56.60,55.00,56.00,37132
2008/8/4,55.60,56.00,55.10,55.70,23272
2008/8/5,56.20,56.20,55.00,55.40,60100
2008/8/6,57.40,59.00,57.20,58.80,82098
2008/8/7,59.10,59.80,58.60,59.50,45111
2008/8/8,59.50,60.60,59.50,60.50,76885
2008/8/11,61.50,61.80,60.50,60.60,48256
2008/8/12,61.20,61.70,60.90,61.20,63078
2008/8/13,61.80,62.20,61.10,61.20,56037
2008/8/14,61.00,61.10,60.00,60.50,41108
2008/8/15,60.90,61.40,60.00,60.60,50430
2008/8/18,60.80,61.10,60.00,60.10,49721
2008/8/19,59.20,60.40,58.90,60.00,50724
2008/8/20,59.20,60.70,59.20,60.00,39487
2008/8/21,59.30,59.60,59.10,59.40,46398
2008/8/22,59.90,60.40,59.40,60.20,52249
2008/8/25,60.00,61.00,59.40,60.50,52468
2008/8/26,60.00,60.20,59.40,60.00,52768
2008/8/27,59.90,61.10,59.50,60.40,65759
2008/8/28,59.90,60.50,59.70,60.10,80166
2008/8/29,59.90,60.00,58.90,58.90,77837
2008/9/1,57.60,57.60,56.00,56.60,118980
2008/9/2,56.00,56.00,54.10,54.30,116606
2008/9/3,54.50,55.50,54.20,55.00,78685
2008/9/4,53.20,54.70,53.00,53.40,71636
2008/9/5,52.20,53.50,51.80,53.00,81406
2008/9/8,55.50,56.70,55.40,56.70,64455
2008/9/9,55.00,55.70,54.20,54.30,50434
2008/9/10,53.60,54.50,53.20,53.70,65933
2008/9/11,53.60,53.60,51.70,52.30,72553
2008/9/12,52.80,53.10,52.10,52.70,37082
2008/9/15,52.80,53.10,51.00,51.70,41170
2008/9/16,50.70,52.30,50.70,51.00,60628
2008/9/17,54.00,54.50,52.80,52.90,85193
2008/9/18,51.50,53.60,51.50,52.00,123484
2008/9/19,54.60,55.60,54.00,55.60,129945
2008/9/22,57.10,57.10,55.60,55.80,60158
2008/9/23,54.70,55.90,54.70,55.00,56418
2008/9/24,54.00,54.20,53.30,53.30,39330
2008/9/25,52.80,54.30,52.80,53.00,39418
2008/9/26,53.10,53.40,52.00,53.40,71393
2008/9/30,50.00,52.50,49.80,52.50,78123
2008/10/1,54.00,54.00,52.50,52.50,43483
2008/10/2,53.10,53.10,51.00,51.40,43536
2008/10/3,50.40,51.80,50.20,51.40,56815
2008/10/6,50.20,50.50,49.00,49.00,59458
2008/10/7,48.00,50.50,47.95,49.70,48800
2008/10/8,48.50,49.05,46.25,46.25,85974
2008/10/9,46.25,48.50,46.10,46.10,64298
2008/10/13,46.15,47.10,45.20,46.65,93457
2008/10/14,49.90,49.90,49.25,49.90,90993
2008/10/15,48.50,49.00,48.20,48.20,67995
2008/10/16,46.55,46.55,46.55,46.55,16600
2008/10/17,44.95,45.45,44.95,44.95,52394
2008/10/20,43.40,44.50,43.40,44.20,74264
2008/10/21,44.80,45.00,42.75,44.10,72709
2008/10/22,42.70,43.70,42.60,42.60,48390
2008/10/23,41.15,41.15,41.15,41.15,27329
2008/10/24,39.75,40.04,39.75,39.75,59949
2008/10/27,37.00,38.95,37.00,38.29,64708
2008/10/28,37.15,40.60,36.50,39.70,84075
2008/10/29,42.45,42.45,41.70,42.00,102042
2008/10/30,43.25,44.90,43.25,44.90,73018
2008/10/31,45.70,48.00,45.10,48.00,107753
2008/11/3,49.50,49.50,46.00,47.00,59248
2008/11/4,47.50,48.50,46.70,48.00,58438
2008/11/5,49.20,49.40,47.25,48.00,74251
2008/11/6,44.65,44.70,44.65,44.65,39364
2008/11/7,41.55,44.65,41.55,43.50,98506
2008/11/10,43.30,43.40,41.90,43.20,63028
2008/11/11,42.70,44.00,42.00,43.10,38829
2008/11/12,43.10,44.15,42.65,43.40,58259
2008/11/13,41.00,41.65,40.50,40.50,56863
2008/11/14,42.00,42.00,41.10,41.70,45593
2008/11/17,40.00,41.50,40.00,40.79,43433
2008/11/18,39.60,39.79,38.29,38.50,69685
2008/11/19,38.10,39.40,38.00,38.00,50273
2008/11/20,36.50,37.40,36.50,36.79,43498
2008/11/21,36.40,39.29,36.40,38.50,55972
2008/11/24,38.50,38.50,37.15,37.29,50072
2008/11/25,39.10,39.90,38.50,39.90,82669
2008/11/26,39.90,40.29,39.00,39.00,57745
2008/11/27,40.90,41.25,40.54,40.90,62930
2008/11/28,40.90,41.15,40.40,40.79,50939
2008/12/1,39.79,41.90,39.79,40.79,62467
2008/12/2,37.95,38.40,37.95,37.95,83673
2008/12/3,36.85,37.54,36.50,37.15,73329
2008/12/4,37.90,37.90,36.79,37.04,59459
2008/12/5,37.29,37.85,37.00,37.20,40730
2008/12/8,37.85,39.79,37.85,39.79,101120
2008/12/9,40.75,40.79,39.79,40.79,79061
2008/12/10,41.00,43.65,41.00,43.65,113131
2008/12/11,44.00,44.90,43.50,44.90,82000
2008/12/12,42.85,43.80,41.80,41.80,68510
2008/12/15,43.50,44.50,43.45,43.45,68165
2008/12/16,43.00,44.50,42.40,44.50,58117
2008/12/17,46.00,46.10,45.20,46.00,86940
2008/12/18,45.75,46.00,44.50,45.00,49481
2008/12/19,44.00,45.35,44.00,44.95,39475
2008/12/22,45.00,45.45,44.00,44.60,50944
2008/12/23,43.50,44.45,42.80,43.85,38008
2008/12/24,43.85,43.85,43.00,43.40,30751
2008/12/25,43.40,43.40,42.80,43.10,6112
2008/12/26,43.10,43.50,42.80,43.40,7439
2008/12/29,43.60,43.60,42.60,43.35,17689
2008/12/30,43.85,45.50,43.50,45.20,30369
2008/12/31,45.50,45.50,43.90,44.40,20733
2009/1/5,46.00,47.10,45.80,46.25,41028
2009/1/6,46.05,46.25,45.00,45.60,34643
2009/1/7,45.95,46.45,44.20,44.55,70508
2009/1/8,43.50,43.50,41.50,41.55,88644
2009/1/9,40.79,42.40,40.50,41.00,68264
2009/1/10,41.00,41.45,40.50,41.00,20805
2009/1/12,40.50,41.90,40.50,41.65,49297
2009/1/13,42.80,43.95,41.70,43.80,71874
2009/1/14,43.50,44.00,43.00,43.00,44966
2009/1/15,41.10,41.30,40.54,41.00,73204
2009/1/16,42.00,42.00,41.15,41.70,32729
2009/1/17,41.70,41.80,41.25,41.45,7747
2009/1/19,41.00,41.40,40.90,41.00,36418
2009/1/20,40.00,40.00,39.60,39.60,81301
2009/1/21,39.00,40.40,38.70,40.20,65396
2009/2/2,41.20,42.35,40.54,41.80,112436
2009/2/3,43.05,43.05,42.30,42.85,88180
2009/2/4,43.00,43.05,42.75,42.90,83003
2009/2/5,42.90,43.30,42.40,42.40,69576
2009/2/6,44.00,45.00,43.90,44.70,99943
2009/2/9,46.40,46.60,45.40,45.50,104134
2009/2/10,46.00,46.00,44.80,44.85,45056
2009/2/11,44.00,46.10,44.00,46.05,80282
2009/2/12,46.20,46.45,44.90,45.35,68547
2009/2/13,45.80,46.25,45.80,45.95,49652
2009/2/16,46.95,46.95,45.75,45.85,51332
2009/2/17,45.10,45.40,43.05,43.80,69151
2009/2/18,44.00,45.30,43.60,44.60,57468
2009/2/19,45.20,46.20,44.00,45.40,57618
2009/2/20,44.15,44.80,43.85,43.90,71806
2009/2/23,43.80,45.20,43.50,45.00,48835
2009/2/24,43.95,44.40,43.50,44.00,59846
2009/2/25,45.00,45.30,44.30,44.70,53299
2009/2/26,45.00,45.25,44.60,45.00,51580
2009/2/27,45.30,45.45,44.80,44.95,59370
2009/3/2,46.00,46.00,44.15,44.75,100891
2009/3/3,44.80,44.85,44.25,44.60,58135
2009/3/4,45.35,46.00,44.80,46.00,84211
2009/3/5,46.85,47.40,46.00,46.60,77997
2009/3/6,47.00,48.75,46.85,48.50,101798
2009/3/9,48.00,48.60,47.00,48.25,69599
2009/3/10,46.50,47.45,46.50,47.15,76627
2009/3/11,48.60,49.00,48.00,48.70,83809
2009/3/12,48.60,48.70,47.95,48.25,51627
2009/3/13,49.00,50.00,48.80,49.50,114490
2009/3/16,50.00,50.10,49.85,50.00,74164
2009/3/17,50.00,50.20,49.65,50.00,57984
2009/3/18,50.20,50.50,49.75,50.40,80526
2009/3/19,50.50,50.60,49.10,49.20,50892
2009/3/20,49.70,49.70,47.70,47.70,62307
2009/3/23,48.40,50.40,48.40,50.30,59192
2009/3/24,51.50,52.40,51.30,52.40,62137
2009/3/25,52.00,53.00,51.60,52.20,74042
2009/3/26,51.60,52.80,51.10,51.70,61263
2009/3/27,52.60,52.60,51.60,51.90,53591
2009/3/30,51.80,52.00,50.80,52.00,46029
2009/3/31,51.60,52.80,51.40,51.40,69329
2009/4/1,51.90,52.00,50.70,50.70,51643
2009/4/2,52.30,52.50,51.50,52.40,84651
2009/4/3,53.50,53.80,52.10,52.60,69728
2009/4/6,53.50,53.50,51.60,52.40,77038
2009/4/7,51.00,52.10,51.00,52.10,75602
2009/4/8,51.50,51.50,49.60,50.20,112195
2009/4/9,51.00,52.40,51.00,52.40,85979
2009/4/10,53.00,53.00,52.00,53.00,43178
2009/4/13,53.50,53.50,52.20,52.70,57300
2009/4/14,52.10,52.60,51.30,52.50,72053
2009/4/15,52.50,52.50,50.80,52.00,89359
2009/4/16,52.20,52.40,51.10,51.30,93548
2009/4/17,51.90,52.40,50.00,50.40,152928
2009/4/20,51.40,51.90,50.70,51.90,78106
2009/4/21,50.50,51.60,50.50,51.60,64237
2009/4/22,51.60,51.60,50.50,50.70,67166
2009/4/23,50.90,51.40,50.10,51.30,62148
2009/4/24,51.60,51.80,50.30,50.50,82333
2009/4/27,50.60,51.00,50.20,50.50,63095
2009/4/28,50.90,51.50,50.60,51.00,55158
2009/4/29,51.60,51.80,51.30,51.60,58353
2009/4/30,55.20,55.20,54.40,55.20,154938
2009/5/4,58.90,59.00,57.80,59.00,177163
2009/5/5,60.50,60.90,57.50,58.00,131066
2009/5/6,58.00,58.00,56.60,57.50,176100
2009/5/7,57.50,57.50,56.10,56.50,141315
2009/5/8,55.60,56.30,55.40,56.30,97085
2009/5/11,56.50,57.00,55.60,56.20,77284
2009/5/12,56.00,56.00,55.00,55.40,83431
2009/5/13,55.30,56.80,55.30,56.40,93934
2009/5/14,55.00,55.40,54.40,54.50,82103
2009/5/15,55.80,55.80,54.80,54.80,64117
2009/5/18,55.50,56.00,54.20,56.00,63132
2009/5/19,57.00,57.00,56.40,57.00,91300
2009/5/20,56.80,56.80,55.70,56.20,64542
2009/5/21,56.20,56.80,55.80,56.60,64072
2009/5/22,56.60,56.70,55.90,56.20,57356
2009/5/25,56.90,56.90,55.10,55.70,50676
2009/5/26,55.90,56.80,55.60,56.60,62296
2009/5/27,57.00,60.40,56.70,60.40,184119
2009/6/1,60.50,60.60,58.50,59.00,101771
2009/6/2,60.00,60.00,59.00,59.90,80590
2009/6/3,59.20,59.80,58.80,59.80,73051
2009/6/4,58.50,59.00,57.00,57.90,81772
2009/6/5,57.90,57.90,57.00,57.40,42403
2009/6/6,57.40,57.80,57.20,57.70,7191
2009/6/8,58.10,58.10,56.50,56.60,56004
2009/6/9,56.70,57.80,56.00,56.10,75032
2009/6/10,57.50,58.20,57.30,58.20,55483
2009/6/11,58.00,58.30,56.50,58.30,53937
2009/6/12,57.80,57.80,56.00,56.00,87397
2009/6/15,54.60,55.00,52.60,53.30,97727
2009/6/16,53.20,54.30,52.50,53.60,77792
2009/6/17,52.90,52.90,51.80,52.00,83451
2009/6/18,53.30,53.30,52.00,52.70,62654
2009/6/19,52.20,52.50,51.70,52.30,66771
2009/6/22,51.00,53.10,51.00,53.00,47919
2009/6/23,51.80,51.80,51.30,51.30,59338
2009/6/24,51.60,54.80,51.50,52.90,122454
2009/6/25,53.50,53.90,53.10,53.70,56352
2009/6/26,53.80,54.50,53.50,54.40,69148
2009/6/29,54.50,54.50,53.10,53.40,64173
2009/6/30,54.60,54.70,53.80,54.70,45109
2009/7/1,54.30,55.50,53.60,55.00,46729
2009/7/2,54.90,55.30,54.50,55.10,34321
2009/7/3,54.10,55.00,54.10,55.00,27354
2009/7/6,55.10,55.30,54.20,54.40,33137
2009/7/7,54.40,55.60,54.30,55.40,37078
2009/7/8,54.70,54.70,54.10,54.40,57851
2009/7/9,54.40,56.10,54.30,55.30,60363
2009/7/10,56.00,56.20,55.40,56.10,52950
2009/7/13,57.20,57.30,54.40,55.00,66983
2009/7/14,55.50,56.20,55.30,55.80,89553
2009/7/15,53.40,55.00,53.10,53.60,73754
2009/7/16,55.00,55.20,54.00,54.10,49715
2009/7/17,54.90,55.00,53.90,54.00,54660
2009/7/20,54.90,55.20,54.50,54.80,69721
2009/7/21,55.00,55.50,54.60,55.50,68043
2009/7/22,55.20,55.60,54.70,55.30,55861
2009/7/23,55.50,56.70,55.40,56.50,69273
2009/7/24,57.00,57.30,56.80,57.20,81749
2009/7/27,57.20,57.90,56.90,57.60,50047
2009/7/28,57.60,57.90,57.10,57.90,48218
2009/7/29,58.00,58.00,55.90,56.50,57068
2009/7/30,56.10,56.40,55.20,56.00,62411
2009/7/31,58.30,59.20,58.10,58.90,196507
2009/8/3,58.60,58.60,57.10,58.30,70119
2009/8/4,58.60,58.80,56.70,57.60,62209
2009/8/5,57.90,58.00,56.60,56.90,53465
2009/8/6,57.50,57.50,56.50,56.80,53242
2009/8/10,57.30,58.30,57.00,57.80,69793
2009/8/11,57.30,57.60,56.50,57.10,64578
2009/8/12,57.10,57.50,56.50,57.50,43088
2009/8/13,58.00,58.60,57.50,58.60,80234
2009/8/14,59.20,59.40,58.50,58.90,51422
2009/8/17,59.00,59.20,57.40,57.80,48828
2009/8/18,57.10,57.80,56.60,57.60,32159
2009/8/19,57.50,57.90,57.30,57.40,21349
2009/8/20,57.40,57.80,56.50,57.70,25749
2009/8/21,58.00,58.10,56.50,56.80,42153
2009/8/24,57.80,59.00,57.60,58.40,59462
2009/8/25,58.60,59.00,58.30,58.70,35370
2009/8/26,58.70,59.00,58.00,59.00,50333
2009/8/27,58.50,58.90,57.90,58.80,30495
2009/8/28,59.00,59.50,58.30,59.50,49814
2009/8/31,59.60,59.80,58.50,59.20,45093
2009/9/1,59.40,61.00,58.70,61.00,85329
2009/9/2,60.40,60.80,59.60,59.60,61444
2009/9/3,60.20,60.20,59.30,59.80,42583
2009/9/4,60.20,60.20,59.50,60.00,44584
2009/9/7,60.10,62.00,59.70,62.00,75090
2009/9/8,62.00,63.10,61.40,62.70,70507
2009/9/9,62.80,63.00,62.00,62.00,50896
2009/9/10,64.70,65.00,62.00,63.50,96760
2009/9/11,62.80,62.80,61.90,62.40,48334
2009/9/14,62.40,62.50,60.80,61.50,44856
2009/9/15,61.00,62.70,61.00,62.50,36237
2009/9/16,62.60,63.40,62.50,62.70,35250
2009/9/17,63.00,63.00,62.00,62.50,38706
2009/9/18,62.00,62.70,61.80,62.70,46733
2009/9/21,62.50,62.60,61.50,62.30,33551
2009/9/22,62.00,62.80,62.00,62.50,24468
2009/9/23,62.70,62.90,61.40,62.30,34954
2009/9/24,62.00,62.00,60.50,60.80,54239
2009/9/25,61.00,61.30,60.40,61.10,45173
2009/9/28,61.40,61.40,60.50,60.70,27539
2009/9/29,62.00,63.70,62.00,63.70,82738
2009/9/30,63.70,65.00,63.70,64.50,102320
2009/10/1,65.00,65.20,63.80,65.00,55067
2009/10/2,63.00,63.30,62.50,62.70,77901
2009/10/5,62.00,62.20,61.50,62.00,60889
2009/10/6,62.00,63.00,61.60,62.40,82006
2009/10/7,63.00,63.00,61.70,62.10,62520
2009/10/8,61.20,61.80,60.90,60.90,82174
2009/10/9,60.80,61.30,60.70,61.10,67884
2009/10/12,61.80,61.80,60.60,61.20,36581
2009/10/13,60.60,61.80,60.30,61.80,51789
2009/10/14,62.50,63.50,62.30,63.50,86071
2009/10/15,64.00,64.00,63.00,63.80,62654
2009/10/16,62.50,63.00,61.80,61.90,75151
2009/10/19,61.70,61.90,61.00,61.40,103283
2009/10/20,61.80,62.30,61.80,62.00,67684
2009/10/21,61.70,62.20,61.30,61.60,48896
2009/10/22,62.20,62.20,61.00,61.80,72906
2009/10/23,62.00,62.10,61.50,61.50,37090
2009/10/26,61.80,62.30,61.50,61.50,36846
2009/10/27,61.50,61.90,61.10,61.30,49489
2009/10/28,61.30,61.50,60.50,60.50,62803
2009/10/29,60.00,60.60,59.00,60.30,104093
2009/10/30,61.40,61.40,60.00,60.00,65688
2009/11/2,59.50,60.20,59.20,59.80,38529
2009/11/3,59.70,59.70,59.10,59.20,52810
2009/11/4,59.20,59.70,59.00,59.60,64129
2009/11/5,59.90,60.00,59.40,59.70,43808
2009/11/6,60.30,60.30,59.70,60.00,44837
2009/11/9,60.50,60.50,59.80,60.00,34920
2009/11/10,60.40,60.50,60.00,60.50,40584
2009/11/11,61.00,62.50,60.90,62.20,94778
2009/11/12,62.50,62.80,61.90,62.20,102770
2009/11/13,61.80,62.20,61.50,61.80,43120
2009/11/16,62.40,62.70,62.20,62.40,59633
2009/11/17,63.00,63.20,62.10,62.60,57822
2009/11/18,63.00,63.20,62.70,62.90,54524
2009/11/19,62.90,63.20,62.70,62.90,40088
2009/11/20,62.80,62.80,61.40,61.70,50419
2009/11/23,61.40,62.10,61.40,62.00,25386
2009/11/24,62.20,62.50,61.80,62.40,25992
2009/11/25,62.20,63.00,62.20,62.70,46553
2009/11/26,62.80,63.00,61.80,62.00,31172
2009/11/27,61.10,61.30,60.00,60.00,93737
2009/11/30,61.00,61.30,60.70,61.10,32695
2009/12/1,61.50,61.60,60.40,60.70,53946
2009/12/2,61.40,61.50,60.50,60.80,38474
2009/12/3,61.60,61.80,61.00,61.50,54543
2009/12/4,61.50,61.90,61.30,61.50,26379
2009/12/7,62.00,62.80,62.00,62.50,46543
2009/12/8,62.90,62.90,61.90,62.40,39388
2009/12/9,62.20,62.40,61.90,62.40,37770
2009/12/10,62.80,62.80,61.00,61.30,62875
2009/12/11,61.90,62.60,61.40,62.60,41203
2009/12/14,62.10,62.80,62.00,62.70,38719
2009/12/15,62.50,62.70,62.20,62.70,28017
2009/12/16,62.50,62.50,61.50,61.80,49524
2009/12/17,62.10,62.40,61.50,62.20,33144
2009/12/18,61.50,61.90,61.30,61.90,32119
2009/12/21,62.40,62.80,62.20,62.20,52382
2009/12/22,62.60,62.90,62.50,62.90,44086
2009/12/23,63.00,63.50,62.80,63.40,65613
2009/12/24,63.40,63.70,63.30,63.60,56396
2009/12/25,63.90,63.90,63.10,63.40,20255
2009/12/28,63.40,64.00,63.40,63.70,39202
2009/12/29,63.70,63.70,62.90,63.30,28550
2009/12/30,63.30,64.00,63.30,63.90,59706
2009/12/31,64.40,64.50,63.90,64.50,52071
2010/1/4,65.00,65.00,64.00,64.90,39428
2010/1/5,65.00,65.10,63.90,64.50,37182
2010/1/6,64.50,64.90,63.70,64.90,49677
2010/1/7,64.90,65.00,64.20,64.20,42233
2010/1/8,63.50,64.30,63.50,64.00,46105
2010/1/11,64.00,64.90,63.50,64.50,36843
2010/1/12,64.40,64.40,63.30,63.60,50152
2010/1/13,63.00,63.10,62.60,62.80,48009
2010/1/14,63.60,63.60,63.00,63.20,36187
2010/1/15,62.90,63.50,62.80,63.50,47952
2010/1/18,62.80,63.10,62.80,62.90,30235
2010/1/19,63.00,63.20,62.00,62.50,47254
2010/1/20,62.90,63.20,62.20,63.00,52470
2010/1/21,63.00,63.00,62.10,62.60,24808
2010/1/22,61.50,61.70,61.00,61.10,63965
2010/1/25,60.10,60.80,60.10,60.40,62196
2010/1/26,60.60,61.20,60.00,60.10,79139
2010/1/27,60.10,60.40,59.50,59.60,52652
2010/1/28,60.50,61.50,59.80,60.00,44005
2010/1/29,60.10,61.50,59.40,61.50,91639
2010/2/1,60.70,60.70,59.50,59.80,75520
2010/2/2,60.20,60.40,59.00,59.00,66238
2010/2/3,60.20,60.30,58.80,59.80,42603
2010/2/4,60.00,60.00,59.00,59.10,42604
2010/2/5,57.60,57.90,57.20,57.20,62385
2010/2/6,57.60,58.10,57.30,58.00,16371
2010/2/8,58.00,58.20,57.00,57.40,45268
2010/2/9,58.40,59.20,57.70,58.60,45764
2010/2/10,59.00,59.20,58.20,58.40,53776
2010/2/22,60.50,60.50,59.00,59.00,47543
2010/2/23,59.60,59.90,59.10,59.80,50382
2010/2/24,59.20,59.20,58.40,58.50,54908
2010/2/25,58.50,58.90,57.90,58.20,55678
2010/2/26,58.20,58.90,58.00,58.80,30898
2010/3/1,59.50,59.90,58.20,59.60,60231
2010/3/2,60.50,60.50,59.50,59.90,53514
2010/3/3,59.60,60.10,59.60,60.00,32199
2010/3/4,59.80,59.80,58.40,59.20,53449
2010/3/5,59.80,60.40,59.60,60.40,59526
2010/3/8,60.90,61.20,60.60,61.20,44019
2010/3/9,61.20,61.40,60.80,61.30,29844
2010/3/10,61.30,61.40,60.80,61.40,30564
2010/3/11,61.60,61.80,61.20,61.40,25357
2010/3/12,61.40,61.50,60.60,60.80,67925
2010/3/15,61.30,61.30,59.80,59.80,38039
2010/3/16,60.10,60.20,59.70,59.70,29410
2010/3/17,60.50,60.90,59.90,60.50,68998
2010/3/18,60.10,60.60,60.00,60.40,70139
2010/3/19,60.00,60.30,59.70,60.00,45985
2010/3/22,59.60,59.60,58.80,59.00,47052
2010/3/23,59.50,60.10,59.50,59.60,48129
2010/3/24,60.10,60.80,60.10,60.60,46977
2010/3/25,60.90,61.50,60.20,61.50,62758
2010/3/26,61.30,62.00,60.30,62.00,77351
2010/3/29,62.00,62.30,61.70,62.20,37517
2010/3/30,62.40,62.40,61.70,62.20,30015
2010/3/31,62.20,62.20,61.50,61.50,39251
2010/4/1,61.50,62.50,61.50,62.10,54686
2010/4/2,62.50,62.50,62.10,62.40,17310
2010/4/6,62.80,63.50,62.80,63.40,53131
2010/4/7,63.50,63.50,63.10,63.50,48369
2010/4/8,62.80,63.00,62.10,62.30,48571
2010/4/9,61.90,63.00,61.90,62.70,31606
2010/4/12,63.30,63.40,62.80,63.10,34943
2010/4/13,63.00,63.10,62.10,62.90,42728
2010/4/14,63.10,63.80,62.90,63.80,55589
2010/4/15,64.50,64.90,64.00,64.40,70979
2010/4/16,63.60,63.70,62.90,63.00,49697
2010/4/19,62.50,63.20,62.40,62.60,66443
2010/4/20,62.90,63.00,62.40,62.80,37516
2010/4/21,62.90,63.10,62.30,62.40,44909
2010/4/22,61.80,61.80,60.80,61.60,90652
2010/4/23,61.90,62.40,61.60,61.70,48925
2010/4/26,62.40,63.60,62.40,63.50,67476
2010/4/27,63.50,63.70,63.10,63.70,25357
2010/4/28,62.10,62.60,62.00,62.10,73191
2010/4/29,62.20,62.20,61.60,61.60,40204
2010/4/30,61.80,62.70,61.80,61.80,43411
2010/5/3,62.60,62.60,61.40,61.60,22427
2010/5/4,61.90,62.00,60.80,61.00,38758
2010/5/5,59.90,60.20,59.80,59.80,94166
2010/5/6,59.80,59.90,59.20,59.50,48940
2010/5/7,58.60,60.10,58.50,59.40,61547
2010/5/10,59.40,60.00,59.00,59.80,56284
2010/5/11,60.40,60.60,59.90,60.10,67845
2010/5/12,61.00,61.00,60.00,60.10,27700
2010/5/13,60.60,61.50,60.50,61.20,39870
2010/5/14,60.70,61.50,60.50,61.20,31570
2010/5/17,60.50,60.50,59.10,59.20,73188
2010/5/18,59.60,60.00,59.40,59.50,30462
2010/5/19,59.00,59.60,58.60,59.30,48545
2010/5/20,59.50,59.70,58.90,58.90,31716
2010/5/21,58.30,59.10,57.90,58.80,45729
2010/5/24,59.60,59.60,58.70,59.00,19301
2010/5/25,58.80,58.90,58.10,58.40,48455
2010/5/26,58.90,59.00,58.50,58.90,42783
2010/5/27,58.50,59.30,57.70,58.70,55488
2010/5/28,58.90,59.40,58.30,58.70,61130
2010/5/31,59.10,60.20,58.80,60.20,25378
2010/6/1,59.90,60.00,59.20,59.80,27350
2010/6/2,59.80,60.40,59.30,59.80,35303
2010/6/3,60.80,61.00,60.50,60.80,46943
2010/6/4,60.50,61.00,60.20,61.00,41845
2010/6/7,59.70,59.70,58.70,59.20,69263
2010/6/8,58.90,59.20,58.40,58.50,40413
2010/6/9,58.40,59.00,58.30,58.60,46086
2010/6/10,59.80,59.80,58.80,59.40,28803
2010/6/11,60.20,60.50,60.00,60.50,41134
2010/6/14,60.90,61.40,60.90,61.10,44907
2010/6/15,61.30,61.90,60.70,61.40,37500
2010/6/17,62.00,62.30,61.70,62.10,56219
2010/6/18,62.40,62.70,61.80,62.70,46292
2010/6/21,63.10,63.70,63.10,63.30,68346
2010/6/22,63.30,63.30,62.60,62.60,30466
2010/6/23,62.00,62.50,62.00,62.10,37171
2010/6/24,62.10,62.20,61.70,62.00,35340
2010/6/25,61.50,61.90,61.30,61.40,30563
2010/6/28,61.20,61.70,61.10,61.70,20519
2010/6/29,62.00,62.60,61.00,61.00,47928
2010/6/30,60.30,61.00,60.30,60.60,58300
2010/7/1,60.60,60.60,59.90,60.00,64918
2010/7/2,60.00,60.70,60.00,60.30,66989
2010/7/5,60.30,61.80,60.30,61.40,87898
2010/7/6,58.90,59.90,58.80,59.90,69817
2010/7/7,59.80,59.90,59.20,59.50,59146
2010/7/8,60.10,60.40,59.70,60.40,50350
2010/7/9,60.40,60.50,59.90,60.40,38051
2010/7/12,60.60,60.60,59.80,59.80,44172
2010/7/13,59.90,60.20,59.50,59.60,37458
2010/7/14,60.40,60.70,60.20,60.40,59805
2010/7/15,60.40,60.50,60.10,60.30,32947
2010/7/16,60.50,60.50,59.80,59.90,29914
2010/7/19,59.50,61.30,59.40,61.10,56274
2010/7/20,61.30,61.80,61.00,61.50,53917
2010/7/21,61.90,61.90,61.50,61.80,41234
2010/7/22,61.90,62.30,61.30,62.00,45285
2010/7/23,62.60,63.00,62.40,62.80,65958
2010/7/26,63.00,63.10,62.30,62.60,26985
2010/7/27,63.00,63.00,62.30,62.50,21017
2010/7/28,62.30,63.00,62.20,63.00,26173
2010/7/29,63.00,63.00,62.60,63.00,38320
2010/7/30,62.40,62.40,61.40,62.40,43590
2010/8/2,62.60,62.80,62.10,62.30,48097
2010/8/3,62.60,62.60,61.70,62.00,32951
2010/8/4,62.00,62.20,61.60,62.00,20375
2010/8/5,62.00,62.00,61.80,61.90,21823
2010/8/6,61.60,61.70,60.60,60.90,62461
2010/8/9,60.50,60.90,60.40,60.70,56994
2010/8/10,60.90,61.40,60.80,61.00,62192
2010/8/11,60.80,61.20,60.70,61.00,28610
2010/8/12,60.20,60.60,60.10,60.20,65582
2010/8/13,60.20,60.60,59.90,60.10,64105
2010/8/16,60.00,60.30,59.60,60.30,39736
2010/8/17,60.50,60.50,59.80,59.80,37554
2010/8/18,60.00,60.30,59.50,59.60,42378
2010/8/19,59.50,60.40,59.50,60.10,45779
2010/8/20,59.80,60.20,59.70,59.90,30087
2010/8/23,59.90,60.90,59.60,60.10,27546
2010/8/24,60.00,60.10,59.60,59.60,30689
2010/8/25,59.40,59.40,58.60,58.70,70592
2010/8/26,58.60,59.10,58.50,58.80,33558
2010/8/27,58.70,58.90,58.50,58.80,43395
2010/8/30,59.20,59.60,58.90,59.40,27617
2010/8/31,59.00,59.00,58.40,58.90,77346
2010/9/1,59.30,59.30,58.70,59.10,33690
2010/9/2,60.00,60.10,59.40,59.50,25383
2010/9/3,59.30,59.90,59.30,59.80,31719
2010/9/6,60.40,60.50,60.10,60.50,25791
2010/9/7,60.50,60.60,60.10,60.20,20244
2010/9/8,59.60,59.90,58.90,59.30,66268
2010/9/9,59.70,59.70,59.20,59.50,21211
2010/9/10,59.50,59.70,59.10,59.30,32625
2010/9/13,59.60,60.90,59.40,60.90,86627
2010/9/14,61.20,61.20,60.70,61.00,33501
2010/9/15,61.20,61.20,60.50,61.20,39386
2010/9/16,60.80,61.00,60.50,60.50,27888
2010/9/17,61.00,61.40,60.60,61.20,49375
2010/9/20,61.50,62.00,61.30,62.00,65951
2010/9/21,62.30,62.30,61.60,61.80,32211
2010/9/23,60.90,60.90,59.90,60.00,106238
2010/9/24,59.70,60.20,59.60,60.10,58590
2010/9/27,60.80,60.80,60.40,60.70,57052
2010/9/28,60.70,61.20,60.60,61.00,48344
2010/9/29,61.50,61.90,61.00,61.50,79489
2010/9/30,61.70,62.00,61.60,62.00,56212
2010/10/1,62.20,62.30,61.70,62.00,38952
2010/10/4,62.00,62.10,61.60,61.90,25747
2010/10/5,61.70,61.70,60.90,61.10,28478
2010/10/6,61.90,62.00,61.50,61.80,34124
2010/10/7,61.40,61.70,61.00,61.30,37419
2010/10/8,61.00,61.80,61.00,61.80,54192
2010/10/11,62.00,62.00,61.10,61.50,24274
2010/10/12,61.50,61.50,60.40,61.00,27953
2010/10/13,61.30,61.30,60.40,61.00,28998
2010/10/14,61.40,62.00,61.30,61.80,45898
2010/10/15,61.30,61.90,61.20,61.90,29905
2010/10/18,61.40,61.80,60.40,60.50,32509
2010/10/19,60.60,60.70,60.10,60.70,34486
2010/10/20,60.50,61.10,60.40,61.00,34468
2010/10/21,61.30,61.40,60.80,61.00,37317
2010/10/22,61.70,61.80,61.40,61.80,42930
2010/10/25,62.00,62.20,61.80,62.00,38644
2010/10/26,62.20,62.30,62.00,62.30,37878
2010/10/27,62.30,62.40,61.90,62.00,26605
2010/10/28,62.40,63.00,62.10,62.70,62018
2010/10/29,63.00,63.10,62.50,62.80,67877
2010/11/1,63.40,63.50,63.00,63.50,76311
2010/11/2,63.00,63.40,63.00,63.30,24367
2010/11/3,63.50,64.00,63.30,63.90,44471
2010/11/4,63.90,64.10,63.60,63.90,32732
2010/11/5,64.50,64.60,63.80,64.20,43890
2010/11/8,64.20,64.20,63.10,63.30,23608
2010/11/9,63.30,64.00,63.10,64.00,25474
2010/11/10,64.00,64.30,63.70,64.20,37760
2010/11/11,63.90,64.20,63.70,63.70,31698
2010/11/12,63.60,64.00,63.00,63.00,29682
2010/11/15,63.80,64.00,63.20,63.90,27610
2010/11/16,64.30,64.70,64.10,64.50,55040
2010/11/17,64.20,64.50,63.60,63.80,51350
2010/11/18,63.70,63.90,63.00,63.30,39063
2010/11/19,63.60,64.00,63.00,63.70,23796
2010/11/22,63.60,64.30,63.20,63.80,25411
2010/11/23,63.70,63.80,63.30,63.40,30928
2010/11/24,63.00,64.00,63.00,63.20,26863
2010/11/25,63.80,64.50,63.50,64.40,34664
2010/11/26,63.90,64.50,63.90,64.40,31000
2010/11/29,64.60,64.70,63.80,64.30,33478
2010/11/30,63.80,64.40,63.40,63.40,66852
2010/12/1,63.80,64.60,63.80,64.60,58053
2010/12/2,65.00,66.40,64.90,66.20,87876
2010/12/3,66.80,70.00,66.70,68.30,124823
2010/12/6,68.90,69.50,68.40,68.50,58705
2010/12/7,68.50,68.60,67.60,68.00,58965
2010/12/8,68.60,68.70,67.80,68.00,46544
2010/12/9,69.00,70.10,68.80,70.00,91431
2010/12/10,69.60,69.90,69.30,69.70,32791
2010/12/13,70.00,70.40,69.00,69.40,36087
2010/12/14,69.90,69.90,68.70,69.00,46029
2010/12/15,68.60,70.10,68.50,70.00,56742
2010/12/16,70.00,71.60,69.80,71.20,61993
2010/12/17,72.00,75.00,71.60,72.90,108466
2010/12/20,73.00,73.00,70.90,71.20,91210
2010/12/21,71.50,71.60,70.80,71.30,35481
2010/12/22,71.10,71.60,70.70,71.20,26256
2010/12/23,71.80,71.80,70.70,71.00,35549
2010/12/24,71.00,71.00,70.50,70.80,21533
2010/12/27,70.80,70.80,70.00,70.70,29181
2010/12/28,70.90,71.00,70.60,70.90,35996
2010/12/29,70.80,70.80,70.20,70.60,40380
2010/12/30,70.60,70.80,70.10,70.60,54042
2010/12/31,70.50,72.30,70.30,71.00,143660
2011/1/3,71.50,71.60,70.80,71.10,35191
2011/1/4,71.00,71.60,70.80,71.20,35489
2011/1/5,70.90,71.10,69.60,69.80,51880
2011/1/6,69.80,71.00,69.70,71.00,46750
2011/1/7,71.90,73.00,71.90,72.50,169873
2011/1/10,73.00,74.20,72.60,74.20,67073
2011/1/11,74.10,74.90,73.80,74.50,82016
2011/1/12,74.70,75.00,74.70,74.90,53467
2011/1/13,75.10,75.30,74.20,74.60,93018
2011/1/14,74.40,74.80,74.10,74.80,28693
2011/1/17,75.40,75.90,75.30,75.80,67256
2011/1/18,75.50,77.40,75.20,76.80,56572
2011/1/19,76.90,78.30,76.60,78.00,86913
2011/1/20,77.00,77.00,76.10,76.40,43642
2011/1/21,74.00,75.20,74.00,74.60,81432
2011/1/24,75.20,75.40,74.60,75.30,40808
2011/1/25,75.90,75.90,74.90,75.00,43804
2011/1/26,74.60,75.20,74.30,74.60,66498
2011/1/27,74.90,75.40,74.80,75.20,69805
2011/1/28,75.20,76.90,74.90,76.30,97502
2011/2/8,77.00,77.00,74.80,75.50,105356
2011/2/9,75.50,75.60,73.80,73.80,79156
2011/2/10,73.10,73.40,72.00,72.00,83593
2011/2/11,72.20,72.40,70.90,71.40,111937
2011/2/14,72.00,72.90,71.50,72.50,64873
2011/2/15,72.40,73.10,71.40,72.50,56462
2011/2/16,72.40,72.70,71.90,72.10,53932
2011/2/17,72.40,72.90,71.60,72.50,49309
2011/2/18,73.10,73.90,73.00,73.00,73552
2011/2/21,73.10,73.40,72.30,73.40,38029
2011/2/22,72.20,72.50,71.20,72.50,82638
2011/2/23,71.50,71.90,70.50,71.00,78225
2011/2/24,71.00,71.40,70.50,70.50,62734
2011/2/25,70.60,71.10,69.90,70.50,78850
2011/3/1,70.00,71.80,70.00,71.40,77471
2011/3/2,70.80,71.00,70.40,70.40,53020
2011/3/3,70.10,71.60,70.10,70.80,59466
2011/3/4,71.50,72.00,71.30,71.80,55274
2011/3/7,71.60,71.70,70.90,70.90,30145
2011/3/8,70.50,71.80,70.50,71.50,49292
2011/3/9,72.20,72.20,71.10,71.40,42771
2011/3/10,72.10,72.10,70.10,70.50,61958
2011/3/11,70.00,70.60,69.50,70.00,52572
2011/3/14,70.30,70.50,69.10,70.30,47234
2011/3/15,70.00,70.10,66.20,68.00,114583
2011/3/16,68.80,69.10,68.10,68.50,61078
2011/3/17,66.80,67.50,65.70,67.40,104820
2011/3/18,67.80,68.40,67.20,68.30,55698
2011/3/21,68.30,69.10,68.00,69.00,34816
2011/3/22,69.50,69.50,68.40,68.60,31481
2011/3/23,69.10,69.10,68.10,68.70,31219
2011/3/24,69.10,70.10,69.00,69.40,44729
2011/3/25,70.40,71.20,70.00,71.20,51666
2011/3/28,70.60,71.00,70.30,71.00,28601
2011/3/29,70.60,71.20,70.40,70.80,34848
2011/3/30,70.30,70.80,70.00,70.30,60148
2011/3/31,71.00,71.00,70.00,70.60,41972
2011/4/1,70.70,70.80,70.10,70.70,26633
2011/4/6,71.50,72.90,71.50,72.90,114143
2011/4/7,73.00,73.00,72.30,72.80,45177
2011/4/8,72.90,73.00,72.40,72.90,64901
2011/4/11,73.00,73.00,70.90,71.10,42452
2011/4/12,70.50,70.70,70.10,70.10,45945
2011/4/13,70.10,70.80,70.00,70.70,27368
2011/4/14,70.30,70.50,69.60,69.80,46856
2011/4/15,70.00,70.00,69.10,69.20,52198
2011/4/18,69.80,69.80,68.80,69.00,27157
2011/4/19,68.50,68.50,68.00,68.10,42710
2011/4/20,69.00,69.80,68.50,69.80,48219
2011/4/21,70.70,71.30,70.30,70.70,50903
2011/4/22,70.90,71.00,70.30,70.90,25336
2011/4/25,71.00,71.10,70.10,70.30,22082
2011/4/26,69.70,70.30,69.10,70.30,31910
2011/4/27,71.50,72.70,71.50,72.30,58861
2011/4/28,73.40,73.70,72.90,73.00,83104
2011/4/29,73.70,73.90,72.90,73.20,92991
2011/5/3,73.90,74.80,73.60,74.60,81580
2011/5/4,74.40,74.40,73.00,73.80,46497
2011/5/5,74.00,74.80,73.60,74.80,45426
2011/5/6,75.00,75.60,74.40,75.00,53723
2011/5/9,75.60,76.10,75.20,75.50,59923
2011/5/10,75.60,75.60,74.40,74.40,43322
2011/5/11,75.30,75.30,74.60,75.00,43112
2011/5/12,74.20,76.00,74.10,75.70,58398
2011/5/13,76.00,76.10,75.50,75.90,37230
2011/5/16,75.90,75.90,74.70,74.90,25908
2011/5/17,74.60,76.00,74.60,75.60,41037
2011/5/18,75.30,75.80,74.90,75.30,27998
2011/5/19,74.90,76.30,74.90,75.20,52708
2011/5/20,76.00,76.00,74.90,75.50,32938
2011/5/23,74.70,75.50,74.50,75.10,39001
2011/5/24,74.90,75.10,74.20,74.80,34752
2011/5/25,74.20,74.90,73.30,74.50,59544
2011/5/26,75.00,75.00,74.00,74.20,33194
2011/5/27,73.80,74.50,73.80,74.00,46562
2011/5/30,74.00,75.30,74.00,75.10,33690
2011/5/31,75.50,76.90,75.40,76.70,62812
2011/6/1,76.30,77.30,76.30,77.00,44956
2011/6/2,76.30,77.40,76.30,76.40,61817
2011/6/3,77.00,77.20,76.10,77.20,35400
2011/6/7,77.20,78.20,76.60,77.50,40838
2011/6/8,77.10,78.00,77.10,77.50,58196
2011/6/9,78.00,78.00,76.80,76.90,33602
2011/6/10,77.00,77.50,75.10,75.30,55305
2011/6/13,74.50,75.00,73.90,74.70,68702
2011/6/14,74.50,76.40,74.50,76.20,52714
2011/6/15,77.00,77.40,76.10,77.00,85406
2011/6/16,76.00,76.20,75.40,75.50,62339
2011/6/17,75.00,75.10,74.10,74.20,79756
2011/6/20,74.60,75.40,74.10,74.90,31749
2011/6/21,75.40,76.20,75.30,75.90,40821
2011/6/22,76.30,76.30,74.60,75.00,45341
2011/6/23,74.70,74.90,73.80,74.20,53316
2011/6/24,73.60,73.60,71.90,72.90,68749
2011/6/27,72.00,72.10,71.60,72.00,65137
2011/6/28,72.10,72.60,71.80,72.50,96278
2011/6/29,70.90,72.10,70.40,71.40,93076
2011/6/30,71.40,72.20,71.30,72.20,48887
2011/7/1,72.20,73.00,72.00,72.80,40548
2011/7/4,73.90,73.90,73.10,73.50,40191
2011/7/5,73.20,73.30,72.40,73.20,34255
2011/7/6,73.20,73.40,72.50,72.80,43148
2011/7/7,72.10,72.30,71.50,71.60,47714
2011/7/8,72.10,72.80,72.00,72.50,52384
2011/7/11,72.60,72.60,70.20,71.30,47268
2011/7/12,70.60,70.80,70.10,70.30,39986
2011/7/13,70.50,72.50,70.10,72.20,69081
2011/7/14,70.50,71.40,70.10,70.70,54396
2011/7/15,70.00,70.20,69.50,69.90,88122
2011/7/18,69.70,70.20,69.40,69.70,34416
2011/7/19,69.60,69.80,68.50,68.50,57435
2011/7/20,69.70,71.70,69.40,71.60,55352
2011/7/21,71.40,71.60,70.60,71.60,32960
2011/7/22,72.40,72.40,71.70,72.00,37220
2011/7/25,72.40,72.50,71.40,72.00,32614
2011/7/26,72.30,73.70,72.30,73.70,52890
2011/7/27,73.70,73.90,73.00,73.40,35600
2011/7/28,72.80,73.40,72.30,73.00,33702
2011/7/29,71.80,72.40,71.30,72.00,60662
2011/8/1,72.00,72.80,72.00,72.60,41111
2011/8/2,72.00,72.10,71.20,71.40,33496
2011/8/3,70.10,70.50,69.80,70.10,46005
2011/8/4,69.60,70.70,69.60,70.00,44014
2011/8/5,66.00,68.00,66.00,66.60,89649
2011/8/8,66.00,67.40,64.00,65.20,97493
2011/8/9,62.50,65.10,62.20,63.30,115769
2011/8/10,65.10,67.00,65.00,65.80,109776
2011/8/11,64.60,66.80,64.00,66.40,54349
2011/8/12,67.20,67.60,65.10,65.10,61082
2011/8/15,66.90,66.90,65.90,66.80,39718
2011/8/16,66.80,66.80,66.00,66.00,38964
2011/8/17,66.00,66.20,65.30,65.80,35859
2011/8/18,65.80,65.80,63.30,64.40,73291
2011/8/19,63.10,63.90,63.00,63.90,43317
2011/8/22,63.60,65.50,63.00,65.00,46353
2011/8/23,65.00,67.10,65.00,66.80,46526
2011/8/24,67.70,67.70,66.40,67.50,48449
2011/8/25,67.40,67.60,66.40,67.00,30870
2011/8/26,67.10,68.30,67.00,67.90,40489
2011/8/29,68.60,69.90,68.10,69.40,38605
2011/8/30,70.30,70.30,68.60,69.00,33743
2011/8/31,69.10,69.40,67.80,69.40,47539
2011/9/1,69.40,69.80,68.60,68.60,47975
2011/9/2,69.50,69.50,67.10,67.50,42241
2011/9/5,66.10,67.10,65.90,66.60,49898
2011/9/6,66.50,67.20,66.10,66.10,39124
2011/9/7,67.00,68.60,66.80,68.60,40098
2011/9/8,69.60,69.60,68.40,68.70,42691
2011/9/9,69.50,70.10,68.90,69.30,38328
2011/9/13,69.60,70.00,68.40,68.40,34935
2011/9/14,69.50,69.60,66.90,67.20,60655
2011/9/15,69.00,69.80,68.50,69.10,42210
2011/9/16,70.40,72.00,70.30,71.10,77107
2011/9/19,71.40,71.70,70.70,71.20,28774
2011/9/20,71.00,71.70,69.70,70.50,46887
2011/9/21,71.00,72.10,70.90,72.00,52375
2011/9/22,70.20,70.50,69.00,69.00,64905
2011/9/23,68.20,68.90,67.40,67.50,85503
2011/9/26,67.70,68.30,66.90,67.20,61660
2011/9/27,68.90,70.20,68.70,69.90,56685
2011/9/28,70.80,70.90,69.80,70.30,42322
2011/9/29,69.60,70.90,69.30,70.30,39918
2011/9/30,70.30,70.80,69.00,70.00,60247
2011/10/3,70.00,70.00,68.10,68.60,33959
2011/10/4,70.00,70.00,68.20,69.10,35700
2011/10/5,68.90,69.70,68.70,69.10,30960
2011/10/6,69.70,69.90,68.70,69.00,57249
2011/10/7,69.50,69.60,68.70,69.10,45402
2011/10/11,70.00,70.40,69.60,70.00,55260
2011/10/12,70.50,70.50,69.60,70.40,41253
2011/10/13,69.80,70.40,68.80,70.40,58449
2011/10/14,70.80,70.80,69.90,70.30,35671
2011/10/17,70.80,71.10,70.50,71.10,39023
2011/10/18,70.10,70.70,70.00,70.70,25563
2011/10/19,71.00,71.10,70.20,71.10,31261
2011/10/20,70.50,70.70,69.60,69.70,25726
2011/10/21,70.70,70.70,69.60,70.30,17946
2011/10/24,71.20,71.90,71.20,71.70,50101
2011/10/25,71.80,72.00,71.00,71.50,40883
2011/10/26,71.40,72.00,71.10,71.90,25700
2011/10/27,72.00,72.20,71.40,71.90,38821
2011/10/28,73.50,74.00,72.10,73.10,90711
2011/10/31,73.50,73.80,73.10,73.60,46716
2011/11/1,73.50,74.00,73.00,73.80,37091
2011/11/2,73.10,73.90,72.40,73.90,34638
2011/11/3,74.20,74.20,72.30,73.50,36424
2011/11/4,74.50,74.90,73.90,74.60,56767
2011/11/7,75.00,75.20,74.30,75.00,28464
2011/11/8,75.00,75.00,74.00,74.50,21458
2011/11/9,74.90,74.90,74.10,74.10,17562
2011/11/10,72.50,73.40,72.50,72.60,45160
2011/11/11,73.50,73.60,72.60,73.40,27497
2011/11/14,74.90,76.00,74.60,75.90,63619
2011/11/15,75.50,76.00,75.00,76.00,35923
2011/11/16,76.00,76.00,74.90,75.40,38949
2011/11/17,75.20,76.00,74.80,75.70,34902
2011/11/18,75.00,75.20,73.70,74.20,52431
2011/11/21,73.20,73.90,73.00,73.30,21377
2011/11/22,75.20,75.20,73.80,74.00,42458
2011/11/23,74.00,74.50,73.10,73.40,42855
2011/11/24,72.90,73.20,72.60,72.80,46953
2011/11/25,73.00,73.30,71.30,71.60,36875
2011/11/28,71.60,74.40,71.60,73.60,34912
2011/11/29,73.80,74.20,72.90,73.60,42686
2011/11/30,74.00,74.60,73.00,74.60,51420
2011/12/1,75.50,76.60,75.50,76.60,78478
2011/12/2,76.60,76.80,75.40,76.00,35302
2011/12/5,76.00,76.30,75.40,76.30,28842
2011/12/6,76.30,76.30,75.30,75.40,41115
2011/12/7,76.50,76.50,75.40,76.40,40844
2011/12/8,76.70,76.70,75.30,76.30,31675
2011/12/9,76.00,76.00,73.50,74.10,42004
2011/12/12,75.10,75.20,74.10,75.00,28300
2011/12/13,73.70,75.20,73.70,75.20,29889
2011/12/14,75.10,75.10,73.90,74.50,27863
2011/12/15,74.10,74.10,72.50,72.50,35722
2011/12/16,72.80,73.40,72.50,72.70,20813
2011/12/19,73.50,73.50,72.00,72.50,24525
2011/12/20,72.90,72.90,72.00,72.80,26785
2011/12/21,74.90,76.00,74.10,76.00,53030
2011/12/22,75.30,75.50,74.40,75.00,25829
2011/12/23,75.80,75.80,74.60,75.40,28729
2011/12/26,75.40,75.50,74.70,75.00,11314
2011/12/27,74.80,75.50,74.70,75.50,14612
2011/12/28,75.30,75.70,74.90,75.70,19966
2011/12/29,75.40,75.90,75.20,75.80,24756
2011/12/30,75.70,75.90,74.90,75.80,32250
2012/1/2,75.00,75.40,74.70,75.00,14934
2012/1/3,75.50,75.90,75.20,75.70,21188
2012/1/4,76.10,76.10,75.50,75.80,34104
2012/1/5,76.00,76.00,75.30,76.00,28048
2012/1/6,75.90,75.90,74.90,75.60,29881
2012/1/9,75.20,75.60,74.60,75.60,27632
2012/1/10,76.00,76.50,75.80,76.50,56468
2012/1/11,76.80,77.00,76.10,76.50,41133
2012/1/12,76.70,77.10,76.50,77.00,55402
2012/1/13,77.20,78.00,77.00,77.50,57326
2012/1/16,76.10,76.90,74.60,75.30,37685
2012/1/17,75.90,75.90,74.90,75.60,43624
2012/1/18,75.90,76.70,75.60,76.70,56933
2012/1/30,78.00,79.50,77.20,78.70,134487
2012/1/31,78.10,78.50,76.30,78.50,84154
2012/2/1,77.50,77.70,76.70,77.00,46197
2012/2/2,77.50,77.50,76.10,76.80,54042
2012/2/3,76.30,76.40,75.60,76.20,47782
2012/2/4,76.40,76.70,76.00,76.50,22934
2012/2/6,77.30,77.50,76.60,77.40,47556
2012/2/7,77.50,77.50,76.80,77.40,29978
2012/2/8,77.50,77.50,76.90,77.50,34762
2012/2/9,77.00,78.00,76.50,78.00,55149
2012/2/10,78.00,78.00,76.70,76.90,42131
2012/2/13,76.40,77.10,76.20,76.60,36392
2012/2/14,77.10,77.40,76.20,77.30,42079
2012/2/15,77.60,78.50,77.60,78.50,71070
2012/2/16,78.50,78.90,78.00,78.50,57972
2012/2/17,79.50,81.10,79.40,80.00,63976
2012/2/20,80.60,80.80,79.70,80.00,31056
2012/2/21,80.00,80.00,79.30,80.00,27542
2012/2/22,79.90,80.00,79.00,79.70,41104
2012/2/23,79.00,79.40,77.70,78.10,59950
2012/2/24,77.50,79.10,77.20,79.10,39496
2012/2/29,80.20,81.10,79.40,81.10,77950
2012/3/1,81.00,81.00,80.10,80.10,21195
2012/3/2,80.00,80.10,79.20,80.00,23877
2012/3/3,79.10,79.60,79.10,79.30,7314
2012/3/5,78.70,79.60,78.50,78.90,22790
2012/3/6,79.60,79.60,78.30,79.50,27750
2012/3/7,79.00,79.30,78.70,79.10,30312
2012/3/8,79.80,80.20,79.20,79.70,36183
2012/3/9,79.50,80.00,78.80,80.00,22704
2012/3/12,80.20,80.50,79.60,80.00,28921
2012/3/13,80.60,81.30,80.10,81.30,47236
2012/3/14,82.40,83.20,82.00,83.20,60638
2012/3/15,83.20,83.20,82.50,83.20,30094
2012/3/16,83.20,83.80,81.10,81.10,29118
2012/3/19,83.70,84.20,82.40,83.70,37377
2012/3/20,84.00,84.10,82.80,83.20,29284
2012/3/21,84.80,85.20,83.80,84.90,61551
2012/3/22,85.00,85.70,84.30,85.20,37774
2012/3/23,85.00,85.40,84.40,85.40,29421
2012/3/26,85.10,85.10,82.50,83.60,58902
2012/3/27,85.00,85.80,84.30,85.80,34285
2012/3/28,86.50,86.50,84.60,85.50,28254
2012/3/29,84.50,84.50,83.40,84.10,49444
2012/3/30,83.70,84.90,82.90,84.90,43788
2012/4/2,84.80,85.20,84.00,85.10,23646
2012/4/3,85.00,85.00,83.80,85.00,31253
2012/4/5,83.30,84.00,83.10,83.10,42672
2012/4/6,84.00,84.00,83.10,83.80,34091
2012/4/9,82.00,83.60,82.00,83.00,23225
2012/4/10,83.10,83.50,81.80,82.00,33361
2012/4/11,82.00,83.50,81.70,82.40,40739
2012/4/12,82.50,82.70,81.50,82.60,36721
2012/4/13,83.40,85.00,82.70,84.90,44696
2012/4/16,84.60,85.00,83.80,84.90,19471
2012/4/17,84.90,84.90,83.40,83.80,29479
2012/4/18,85.00,85.00,84.40,85.00,32337
2012/4/19,84.50,85.80,84.30,85.80,31426
2012/4/20,85.00,85.70,84.10,84.30,27786
2012/4/23,84.20,84.60,83.40,84.30,20330
2012/4/24,83.80,84.60,83.60,84.60,24880
2012/4/25,84.90,84.90,83.90,84.20,31103
2012/4/26,84.20,84.20,83.50,84.00,21052
2012/4/27,87.00,89.80,86.00,86.00,116925
2012/4/30,86.30,87.40,85.70,86.80,47569
2012/5/2,87.00,88.90,86.80,88.40,47468
2012/5/3,88.40,89.00,87.90,88.90,27664
2012/5/4,86.70,88.00,86.70,87.60,37683
2012/5/7,86.50,86.50,85.00,85.60,46497
2012/5/8,86.00,86.00,84.40,84.40,45631
2012/5/9,83.90,85.20,83.50,84.60,40772
2012/5/10,85.00,85.70,84.30,85.30,28391
2012/5/11,85.70,85.70,84.50,85.50,33604
2012/5/14,84.80,85.50,84.80,85.40,13936
2012/5/15,85.40,85.70,84.10,85.50,30695
2012/5/16,84.20,84.50,83.40,83.40,64945
2012/5/17,84.80,85.10,84.10,85.10,33632
2012/5/18,83.90,83.90,81.80,81.80,57596
2012/5/21,81.00,82.80,81.00,82.50,32388
2012/5/22,82.70,82.90,82.20,82.20,33956
2012/5/23,81.00,81.20,79.00,79.10,63250
2012/5/24,78.90,80.60,78.10,80.60,40954
2012/5/25,79.80,80.50,79.20,80.00,28257
2012/5/28,80.00,81.70,79.80,81.60,28881
2012/5/29,82.50,83.20,82.00,82.30,40656
2012/5/30,81.60,82.00,80.30,81.70,75275
2012/5/31,80.50,85.10,79.70,85.10,82946
2012/6/1,81.70,81.70,79.90,79.90,66906
2012/6/4,76.50,77.10,76.10,76.50,65980
2012/6/5,77.50,78.20,77.20,78.20,37602
2012/6/6,78.20,78.60,77.50,77.80,33702
2012/6/7,79.40,79.80,78.60,79.80,47684
2012/6/8,77.00,78.70,77.00,77.90,34674
2012/6/11,79.90,80.50,79.60,80.40,37066
2012/6/12,78.50,79.80,78.50,79.40,38319
2012/6/13,80.80,80.80,79.50,80.00,32265
2012/6/14,80.00,80.20,79.10,79.20,30447
2012/6/15,79.20,79.50,78.10,78.10,83821
2012/6/18,80.00,81.00,80.00,80.80,33709
2012/6/19,80.90,80.90,80.00,80.50,28893
2012/6/20,81.30,81.60,80.50,81.60,28957
2012/6/21,80.50,81.00,80.30,80.60,27053
2012/6/22,80.00,81.00,79.90,80.10,30172
2012/6/25,80.80,80.80,79.10,79.60,39508
2012/6/26,79.00,79.10,78.30,78.70,36893
2012/6/27,78.30,79.50,78.20,79.30,31912
2012/6/28,80.00,80.30,79.50,79.90,33090
2012/6/29,79.60,81.30,79.30,81.30,47898
2012/7/2,81.50,83.70,81.50,83.30,61243
2012/7/3,83.60,84.90,83.40,84.20,60726
2012/7/4,82.10,82.10,81.20,81.20,39074
2012/7/5,82.00,82.00,80.70,81.00,26943
2012/7/6,81.00,81.00,80.10,80.90,38173
2012/7/9,79.90,80.30,79.60,80.00,45048
2012/7/10,79.40,79.90,78.60,79.10,33452
2012/7/11,78.10,78.30,77.40,78.10,58624
2012/7/12,77.50,77.50,75.70,75.70,68433
2012/7/13,74.90,76.00,74.50,75.80,51638
2012/7/16,76.30,76.30,75.50,75.50,35473
2012/7/17,74.50,75.20,74.50,74.80,51652
2012/7/18,75.00,75.30,74.80,74.80,37231
2012/7/19,76.80,78.00,76.80,77.50,62092
2012/7/20,76.40,77.00,76.20,76.70,48463
2012/7/23,75.10,75.10,73.80,74.30,57515
2012/7/24,74.30,74.80,74.20,74.80,39955
2012/7/25,75.00,75.20,74.40,74.60,52173
2012/7/26,75.70,76.70,75.20,76.30,46839
2012/7/27,77.90,79.40,77.20,79.30,72469
2012/7/30,80.00,80.40,78.80,79.00,37866
2012/7/31,78.50,81.00,78.50,81.00,67686
2012/8/1,80.10,80.50,79.40,80.00,35956
2012/8/3,79.50,80.10,79.20,79.80,46583
2012/8/6,80.90,81.50,80.70,80.90,58441
2012/8/7,81.30,81.40,80.70,81.40,40163
2012/8/8,81.90,81.90,80.10,80.50,39917
2012/8/9,81.30,82.30,81.30,82.30,54249
2012/8/10,82.30,82.40,81.20,82.00,30044
2012/8/13,83.80,83.80,82.50,82.70,30264
2012/8/14,83.00,83.80,82.80,83.20,33303
2012/8/15,83.70,83.70,82.50,83.00,27276
2012/8/16,83.00,83.40,82.50,82.90,28022
2012/8/17,83.00,83.20,82.00,82.00,27117
2012/8/20,82.70,82.70,81.90,82.40,21007
2012/8/21,82.70,83.90,82.70,83.60,36849
2012/8/22,83.10,83.40,81.90,82.40,33610
2012/8/23,82.40,82.80,82.20,82.70,22344
2012/8/24,82.30,82.30,81.70,82.00,25479
2012/8/27,82.90,83.50,82.40,83.00,25711
2012/8/28,82.30,83.40,82.00,82.40,31780
2012/8/29,82.60,83.00,82.10,82.70,18446
2012/8/30,82.30,83.20,82.30,82.70,45662
2012/8/31,82.40,83.30,82.40,83.30,13514
2012/9/3,83.50,83.90,82.80,83.90,20760
2012/9/4,84.00,84.00,83.50,84.00,21685
2012/9/5,83.00,83.30,81.90,82.00,43282
2012/9/6,82.80,82.80,81.00,81.10,25863
2012/9/7,83.00,83.90,82.80,83.80,44468
2012/9/10,83.30,83.60,83.20,83.50,16929
2012/9/11,84.20,84.70,84.00,84.40,31585
2012/9/12,84.50,84.90,84.50,84.50,37483
2012/9/13,84.50,85.00,84.50,85.00,29641
2012/9/14,85.60,86.50,85.50,86.50,51895
2012/9/17,86.90,87.00,85.80,86.50,24858
2012/9/18,86.50,86.50,85.40,85.70,35559
2012/9/19,85.90,86.40,85.10,86.00,41960
2012/9/20,86.00,86.00,85.10,85.30,24816
2012/9/21,86.00,86.50,85.30,85.70,51046
2012/9/24,85.70,86.40,85.10,86.10,30334
2012/9/25,85.80,86.20,85.70,85.90,35902
2012/9/26,85.40,86.40,85.00,86.40,36925
2012/9/27,86.80,87.80,86.20,87.60,53960
2012/9/28,88.60,89.80,88.50,89.80,58609
2012/10/1,89.20,89.20,88.30,88.90,38142
2012/10/2,89.20,89.80,88.90,89.60,23624
2012/10/3,89.60,89.90,89.30,89.80,26395
2012/10/4,89.90,90.60,89.50,90.60,36573
2012/10/5,91.00,91.30,90.40,91.00,35241
2012/10/8,91.00,91.00,89.00,89.10,38081
2012/10/9,87.20,88.50,87.10,87.10,60161
2012/10/11,85.10,85.70,84.80,85.50,74217
2012/10/12,85.60,86.30,85.30,86.30,23716
2012/10/15,86.10,86.40,85.40,86.40,19117
2012/10/16,86.70,87.50,86.70,87.50,29228
2012/10/17,87.80,88.00,86.50,87.40,34763
2012/10/18,87.00,88.20,87.00,88.10,20504
2012/10/19,86.20,87.30,86.20,86.70,27658
2012/10/22,86.30,86.30,85.60,86.00,20025
2012/10/23,85.90,86.30,85.60,85.70,16174
2012/10/24,85.10,86.40,85.10,85.40,28266
2012/10/25,85.40,85.60,84.50,84.80,36402
2012/10/26,86.50,88.30,86.30,87.30,65256
2012/10/29,88.30,89.10,87.60,88.10,36098
2012/10/30,88.80,89.00,87.70,88.00,30328
2012/10/31,88.00,88.80,87.90,88.70,26002
2012/11/1,88.60,89.20,87.70,89.20,35991
2012/11/2,90.00,90.10,89.50,89.90,38884
2012/11/5,89.90,90.30,88.80,90.30,31455
2012/11/6,90.60,90.60,89.70,90.40,26367
2012/11/7,90.50,91.00,90.00,91.00,22038
2012/11/8,90.80,90.90,89.90,90.50,39605
2012/11/9,90.30,90.90,89.50,90.80,36725
2012/11/12,91.00,91.80,90.60,91.30,29911
2012/11/13,91.00,91.00,89.30,90.30,37034
2012/11/14,90.00,90.90,89.50,90.50,30206
2012/11/15,89.90,90.60,89.00,90.20,25068
2012/11/16,89.20,90.30,89.20,90.20,32484
2012/11/19,89.70,90.50,89.70,90.00,23063
2012/11/20,90.00,90.40,89.80,90.40,21442
2012/11/21,90.30,90.90,89.20,90.50,30056
2012/11/22,90.30,91.30,90.30,91.30,20754
2012/11/23,91.60,95.50,91.50,95.50,63933
2012/11/26,95.50,95.60,94.90,95.30,34356
2012/11/27,94.60,96.30,94.30,96.30,48806
2012/11/28,95.80,96.10,95.30,95.90,54733
2012/11/29,96.00,97.30,95.50,96.50,48709
2012/11/30,96.00,98.80,95.90,98.70,75143
2012/12/3,98.30,98.60,96.80,97.90,41707
2012/12/4,96.90,97.20,95.30,96.60,41537
2012/12/5,94.60,97.10,94.60,96.90,60495
2012/12/6,96.60,96.90,96.10,96.60,33110
2012/12/7,97.10,98.50,97.10,98.10,37044
2012/12/10,97.90,98.00,96.50,96.50,29047
2012/12/11,97.30,98.30,96.70,98.30,40597
2012/12/12,98.30,98.50,97.20,98.40,32502
2012/12/13,98.30,99.40,97.90,99.20,39959
2012/12/14,98.20,98.60,97.50,98.40,33646
2012/12/17,96.40,97.70,96.20,97.00,46660
2012/12/18,95.00,96.70,95.00,96.70,35296
2012/12/19,96.70,97.30,96.20,97.30,27864
2012/12/20,96.10,96.90,95.10,96.00,35491
2012/12/21,95.10,96.50,94.60,94.80,34304
2012/12/22,95.70,96.20,95.00,95.70,8363
2012/12/24,96.00,96.40,95.10,95.20,16048
2012/12/25,96.00,97.30,95.60,96.50,15969
2012/12/26,96.50,97.30,96.00,96.00,12028
2012/12/27,96.20,96.70,95.50,95.60,24180
2012/12/28,96.80,97.00,95.90,97.00,25657
2013/1/2,97.60,99.90,97.10,99.60,40571
2013/1/3,100.50,102.00,100.00,101.00,44195
2013/1/4,100.50,101.50,100.00,101.50,39351
2013/1/7,101.00,101.00,99.10,100.50,40298
2013/1/8,99.60,100.00,98.90,99.70,31179
2013/1/9,100.50,100.50,99.20,100.00,26201
2013/1/10,99.90,101.00,99.50,101.00,35831
2013/1/11,101.50,101.50,100.50,101.00,22436
2013/1/14,101.00,102.00,100.00,102.00,23512
2013/1/15,102.00,102.00,99.80,100.50,35624
2013/1/16,100.50,100.50,99.20,99.20,34670
2013/1/17,100.50,101.00,98.50,99.30,33725
2013/1/18,101.50,101.50,100.50,101.50,49782
2013/1/21,101.00,101.00,100.00,100.50,17275
2013/1/22,101.00,101.00,99.90,101.00,21913
2013/1/23,101.50,101.50,100.00,101.00,23202
2013/1/24,100.00,100.50,99.20,99.90,39624
2013/1/25,99.90,99.90,98.00,99.00,47882
2013/1/28,98.70,99.50,98.60,99.30,29170
2013/1/29,100.00,101.50,99.70,101.00,35351
2013/1/30,102.00,102.00,100.50,101.50,27889
2013/1/31,100.50,101.50,100.00,101.50,39719
2013/2/1,101.50,101.50,100.50,101.50,22100
2013/2/4,102.00,103.00,102.00,103.00,34012
2013/2/5,103.00,103.00,101.50,103.00,17261
2013/2/6,103.50,105.00,103.00,105.00,30661
2013/2/18,107.00,108.50,106.50,107.00,63726
2013/2/19,108.50,108.50,106.50,107.00,21823
2013/2/20,108.50,109.50,108.00,109.00,40569
2013/2/21,108.50,108.50,107.00,107.00,30298
2013/2/22,106.00,106.50,105.00,105.50,39375
2013/2/23,106.50,107.50,106.00,107.00,10125
2013/2/25,106.50,107.00,105.00,105.00,36002
2013/2/26,103.50,105.00,102.50,103.50,38472
2013/2/27,102.00,104.50,101.00,104.50,80961
2013/3/1,103.00,105.00,102.50,105.00,31485
2013/3/4,104.50,104.50,101.50,102.00,50068
2013/3/5,103.50,104.00,102.50,104.00,53940
2013/3/6,104.00,104.50,103.00,104.00,36090
2013/3/7,103.50,104.00,103.00,103.00,20582
2013/3/8,103.00,104.50,102.00,103.50,44584
2013/3/11,102.00,104.00,102.00,102.00,35851
2013/3/12,102.00,103.00,101.50,102.50,30029
2013/3/13,102.50,105.00,102.00,104.50,57557
2013/3/14,104.00,104.50,103.00,104.00,32334
2013/3/15,105.00,105.00,103.00,103.00,34600
2013/3/18,102.00,102.00,100.50,100.50,44013
2013/3/19,101.00,101.50,99.60,100.00,47241
2013/3/20,99.50,99.50,98.80,98.80,61634
2013/3/21,98.80,100.50,98.70,98.70,56436
2013/3/22,98.60,99.10,98.00,98.00,44904
2013/3/25,99.90,100.50,99.20,99.50,24294
2013/3/26,99.20,99.40,98.80,99.00,27196
2013/3/27,99.00,100.50,98.80,100.50,25715
2013/3/28,100.00,100.50,99.30,100.00,27890
2013/3/29,100.00,101.00,99.80,100.50,18974
2013/4/1,101.00,102.00,100.50,101.00,15983
2013/4/2,100.50,101.00,99.80,100.50,22315
2013/4/3,101.50,101.50,100.00,100.50,26329
2013/4/8,99.00,99.50,98.50,98.50,53978
2013/4/9,98.00,98.50,97.50,97.50,40569
2013/4/10,98.80,98.80,97.70,98.30,34884
2013/4/11,99.00,101.50,98.80,101.50,54236
2013/4/12,101.50,101.50,100.00,100.50,18985
2013/4/15,100.50,101.00,99.10,99.40,23273
2013/4/16,98.20,101.00,98.20,100.50,33421
2013/4/17,101.50,101.50,99.70,100.00,35311
2013/4/18,100.00,101.00,99.40,99.90,32276
2013/4/19,105.50,106.50,105.50,106.50,66753
2013/4/22,108.50,109.50,107.50,108.50,72374
2013/4/23,106.50,107.50,105.50,106.00,45941
2013/4/24,106.50,107.00,104.50,106.00,35424
2013/4/25,106.00,107.00,105.50,107.00,26236
2013/4/26,107.00,109.00,107.00,108.50,36518
2013/4/29,108.50,108.50,107.50,108.00,21055
2013/4/30,108.50,109.50,108.50,109.50,34400
2013/5/2,110.00,111.00,109.00,110.50,37375
2013/5/3,111.50,112.50,110.00,110.00,36552
2013/5/6,111.50,111.50,110.50,111.50,19287
2013/5/7,112.00,113.00,111.00,112.50,19385
2013/5/8,112.50,115.00,112.50,114.50,40960
2013/5/9,116.00,116.00,114.50,115.00,27242
2013/5/10,115.00,115.00,113.50,114.50,27460
2013/5/13,115.00,115.50,114.00,114.50,18208
2013/5/14,115.50,116.50,115.00,115.50,27756
2013/5/15,115.00,116.00,113.50,115.00,26088
2013/5/16,115.00,116.00,113.00,113.50,44194
2013/5/17,112.00,113.50,111.50,113.50,19260
2013/5/20,112.50,114.00,112.50,114.00,14478
2013/5/21,113.00,113.50,112.00,112.50,17198
2013/5/22,112.50,113.50,111.00,112.00,31251
2013/5/23,110.50,111.50,108.00,108.00,46564
2013/5/24,109.50,110.50,108.50,109.50,26698
2013/5/27,109.50,112.00,109.50,112.00,19117
2013/5/28,112.00,112.50,109.50,109.50,21399
2013/5/29,110.50,112.00,110.50,111.00,16749
2013/5/30,111.00,111.50,109.50,110.00,36089
2013/5/31,111.50,111.50,109.00,109.50,37175
2013/6/3,108.00,108.50,106.50,107.50,35814
2013/6/4,109.00,110.00,107.50,109.00,27451
2013/6/5,109.50,110.50,108.50,109.50,23354
2013/6/6,108.50,109.50,107.00,107.50,31660
2013/6/7,108.00,109.50,108.00,108.50,33062
2013/6/10,110.00,110.00,108.00,108.50,21132
2013/6/11,110.00,110.00,108.00,108.00,34798
2013/6/13,106.00,107.00,104.00,104.50,60310
2013/6/14,105.00,106.00,104.50,106.00,41186
2013/6/17,105.50,106.00,105.00,106.00,22996
2013/6/18,105.00,106.50,104.50,106.50,30010
2013/6/19,106.00,106.50,105.00,105.50,22067
2013/6/20,105.00,105.50,103.50,104.00,29983
2013/6/21,102.00,103.50,101.50,103.50,38827
2013/6/24,102.50,102.50,100.00,101.00,53700
2013/6/25,101.00,103.00,101.00,101.00,32368
2013/6/26,103.00,104.00,101.50,101.50,54841
2013/6/27,103.00,105.00,103.00,104.50,45568
2013/6/28,106.00,111.00,105.00,111.00,74245
2013/7/1,109.00,109.50,108.00,108.00,51583
2013/7/2,109.00,110.00,108.50,110.00,44672
2013/7/3,107.00,107.00,105.50,107.00,44720
2013/7/4,106.50,107.00,106.00,107.00,24296
2013/7/5,107.50,109.50,107.00,109.00,28249
2013/7/8,107.00,108.00,104.50,105.00,32752
2013/7/9,104.50,106.50,103.50,106.00,34297
2013/7/10,104.50,107.00,104.50,106.00,22063
2013/7/11,107.50,109.50,107.50,109.50,56068
2013/7/12,109.50,110.00,108.50,110.00,31046
2013/7/15,108.50,109.50,108.00,109.50,33115
2013/7/16,108.50,109.00,107.00,108.00,35937
2013/7/17,108.00,109.00,107.00,109.00,36439
2013/7/18,107.50,108.00,105.50,105.50,44352
2013/7/19,99.40,99.70,98.20,98.20,117656
2013/7/22,98.00,98.40,96.90,97.00,86984
2013/7/23,98.50,101.50,98.50,100.00,85567
2013/7/24,100.50,103.00,100.00,102.00,58325
2013/7/25,102.00,103.50,101.00,102.50,36428
2013/7/26,103.00,103.00,101.00,102.50,31794
2013/7/29,100.00,101.50,100.00,100.00,38310
2013/7/30,100.50,102.50,100.50,102.00,33848
2013/7/31,101.50,103.00,101.00,102.50,36954
2013/8/1,102.00,102.00,100.00,100.50,27884
2013/8/2,102.50,103.00,100.00,100.50,28017
2013/8/5,100.00,101.50,99.90,100.50,23354
2013/8/6,100.50,100.50,98.60,98.80,42771
2013/8/7,98.50,98.50,97.00,97.00,45940
2013/8/8,96.00,97.10,95.30,96.40,55834
2013/8/9,100.00,100.00,96.40,96.40,47160
2013/8/12,96.40,96.70,95.60,96.00,33420
2013/8/13,96.00,97.40,96.00,97.20,34372
2013/8/14,96.00,97.30,95.80,96.80,41634
2013/8/15,96.40,96.40,95.30,96.00,42670
2013/8/16,95.40,97.50,95.20,96.50,37679
2013/8/19,95.50,96.10,95.30,95.50,49102
2013/8/20,95.20,95.40,94.40,94.40,41775
2013/8/22,93.00,94.90,92.90,94.50,60293
2013/8/23,95.70,97.30,95.50,97.00,44431
2013/8/26,97.60,97.60,96.10,96.80,18684
2013/8/27,96.00,96.80,95.60,95.60,22503
2013/8/28,95.60,97.30,95.10,96.80,34605
2013/8/29,96.90,98.90,96.90,98.70,36878
2013/8/30,99.60,100.50,98.80,100.50,37585
2013/9/2,100.00,102.00,99.60,102.00,30817
2013/9/3,103.00,103.00,101.50,102.00,31199
2013/9/4,100.50,101.50,100.00,100.50,25210
2013/9/5,100.50,101.50,100.00,101.50,30107
2013/9/6,102.00,102.00,101.00,102.00,24723
2013/9/9,102.50,103.00,101.00,103.00,32640
2013/9/10,103.00,104.50,102.50,104.50,37341
2013/9/11,103.00,104.50,102.50,104.50,40314
2013/9/12,103.00,104.50,103.00,103.50,32843
2013/9/13,102.50,103.00,102.00,102.50,22338
2013/9/14,102.50,103.50,102.00,102.50,5201
2013/9/16,104.00,105.50,104.00,105.50,40621
2013/9/17,105.50,105.50,104.50,105.50,25420
2013/9/18,105.00,105.50,103.00,103.00,28176
2013/9/23,103.00,106.00,102.50,105.50,51411
2013/9/24,105.00,105.50,104.00,105.00,28652
2013/9/25,104.50,104.50,103.00,103.00,31716
2013/9/26,103.50,103.50,101.50,101.50,23040
2013/9/27,103.50,103.50,102.00,103.00,26198
2013/9/30,100.50,102.00,100.00,100.50,45316
2013/10/1,100.50,102.50,100.50,101.50,22569
2013/10/2,103.50,103.50,102.00,103.00,14216
2013/10/3,103.50,106.00,103.00,105.00,50640
2013/10/4,104.50,105.00,103.50,104.00,19898
2013/10/7,103.50,104.00,102.00,103.00,20865
2013/10/8,103.50,105.50,103.00,105.00,21101
2013/10/9,104.00,105.50,103.00,105.00,22212
2013/10/11,105.00,107.50,105.00,106.50,56507
2013/10/14,106.50,106.50,105.00,105.00,18600
2013/10/15,106.50,107.00,106.00,107.00,21478
2013/10/16,108.00,108.00,106.00,106.00,18505
2013/10/17,107.50,108.00,107.00,107.00,28147
2013/10/18,108.50,110.00,108.50,110.00,58660
2013/10/21,111.00,111.50,109.50,110.00,40473
2013/10/22,110.00,111.50,109.50,111.50,38333
2013/10/23,111.00,111.50,110.00,111.00,21877
2013/10/24,109.00,110.00,108.50,110.00,21254
2013/10/25,108.50,109.00,106.50,107.00,36083
2013/10/28,108.00,109.50,107.50,109.50,21203
2013/10/29,108.50,109.50,108.00,109.50,21509
2013/10/30,109.00,110.00,109.00,110.00,16595
2013/10/31,108.50,109.50,108.00,109.50,22481
2013/11/1,110.50,110.50,108.50,109.50,10848
2013/11/4,108.00,109.00,108.00,109.00,9625
2013/11/5,108.50,109.00,106.50,106.50,20341
2013/11/6,106.50,107.50,106.50,107.00,16458
2013/11/7,107.00,107.50,106.00,107.00,15929
2013/11/8,105.00,106.50,105.00,106.00,30572
2013/11/11,105.00,106.00,104.50,104.50,21470
2013/11/12,106.00,106.00,104.50,105.00,31639
2013/11/13,105.00,105.00,103.00,103.00,26687
2013/11/14,104.00,104.50,103.50,103.50,29911
2013/11/15,103.50,104.50,103.50,104.00,19220
2013/11/18,104.50,105.00,104.00,104.00,25278
2013/11/19,104.50,105.50,104.00,105.00,34490
2013/11/20,104.00,104.00,102.50,103.00,45499
2013/11/21,102.00,103.00,100.50,101.00,56528
2013/11/22,100.00,101.50,100.00,100.00,56936
2013/11/25,101.00,102.50,101.00,101.00,30926
2013/11/26,102.00,105.00,101.50,103.50,44990
2013/11/27,105.00,105.50,104.50,105.00,21836
2013/11/28,105.00,105.50,104.50,105.00,22761
2013/11/29,104.50,105.00,104.00,105.00,34451
2013/12/2,105.00,105.50,104.00,104.50,18873
2013/12/3,104.00,105.00,103.50,104.00,21838
2013/12/4,103.50,105.50,103.50,105.00,23431
2013/12/5,105.00,105.00,103.50,104.00,25192
2013/12/6,103.00,104.50,103.00,103.00,25122
2013/12/9,104.00,105.00,104.00,105.00,23949
2013/12/10,104.50,105.00,104.00,104.00,22311
2013/12/11,103.50,105.00,103.50,105.00,24588
2013/12/12,104.50,104.50,103.00,103.00,18303
2013/12/13,102.50,103.50,102.50,102.50,28284
2013/12/16,102.50,103.00,102.00,102.00,18750
2013/12/17,103.00,104.50,103.00,103.50,26215
2013/12/18,102.50,103.00,101.00,101.00,55435
2013/12/19,102.00,103.00,101.50,102.50,27801
2013/12/20,101.50,103.50,101.50,102.00,37599
2013/12/23,103.00,104.50,103.00,104.00,28268
2013/12/24,104.00,104.00,103.00,103.00,14063
2013/12/25,102.50,103.50,102.50,103.00,9772
2013/12/26,103.00,104.00,103.00,104.00,6776
2013/12/27,103.50,104.50,103.00,104.50,24108
2013/12/30,104.00,106.00,104.00,106.00,44235
2013/12/31,105.50,106.00,105.00,105.50,24463
2014/1/2,105.00,105.50,103.50,104.50,15117
2014/1/3,103.00,103.00,102.00,102.50,38670
2014/1/6,102.00,103.00,102.00,102.50,23714
2014/1/7,102.50,103.00,102.00,102.00,15849
2014/1/8,103.00,104.50,102.50,104.00,30303
2014/1/9,102.50,103.00,100.50,101.00,64044
2014/1/10,102.00,102.50,101.50,102.00,33288
2014/1/13,103.00,103.50,102.50,103.00,19625
2014/1/14,102.50,103.50,102.00,103.50,21700
2014/1/15,104.00,106.00,104.00,105.00,54421
2014/1/16,106.00,107.50,106.00,107.00,49548
2014/1/17,108.00,108.50,107.00,107.50,53466
2014/1/20,107.00,108.50,107.00,107.50,24264
2014/1/21,108.50,108.50,106.00,106.50,24588
2014/1/22,106.00,107.50,106.00,107.50,28702
2014/1/23,108.50,108.50,107.50,107.50,27928
2014/1/24,107.00,108.50,107.00,108.00,34030
2014/1/27,106.00,106.50,104.00,105.00,65054
2014/2/5,102.00,102.00,100.50,100.50,145538
2014/2/6,101.00,103.00,101.00,102.00,71983
2014/2/7,103.50,104.50,103.00,104.00,54162
2014/2/10,104.00,104.50,103.00,103.00,26230
2014/2/11,104.50,105.00,104.00,104.50,21064
2014/2/12,105.00,105.50,104.50,105.00,22732
2014/2/13,105.00,106.00,105.00,105.00,19611
2014/2/14,106.50,107.50,106.50,107.50,42681
2014/2/17,108.00,108.50,107.50,108.50,33419
2014/2/18,108.50,108.50,107.50,108.00,22260
2014/2/19,108.00,108.00,107.00,108.00,26884
2014/2/20,106.50,107.00,106.00,106.50,28452
2014/2/21,107.00,107.50,107.00,107.50,31479
2014/2/24,107.50,108.00,106.00,107.00,32043
2014/2/25,107.50,108.00,106.50,108.00,31509
2014/2/26,107.50,108.00,107.00,107.50,34963
2014/2/27,107.50,108.00,107.50,108.00,48664
2014/3/3,108.00,108.00,106.50,108.00,51440
2014/3/4,108.00,108.00,107.50,107.50,47933
2014/3/5,108.50,110.00,108.50,110.00,54868
2014/3/6,110.00,113.50,110.00,113.00,69779
2014/3/7,114.00,115.00,113.50,114.50,65662
2014/3/10,114.50,114.50,112.50,113.00,37917
2014/3/11,113.50,114.50,113.50,114.00,28430
2014/3/12,112.50,113.00,112.00,113.00,18393
2014/3/13,116.50,117.50,115.50,116.50,57038
2014/3/14,115.00,115.50,114.00,115.00,44707
2014/3/17,114.50,115.00,113.00,114.00,33888
2014/3/18,114.50,115.00,113.50,114.50,37481
2014/3/19,114.50,115.00,113.50,114.50,32252
2014/3/20,113.00,113.50,112.00,112.00,45315
2014/3/21,114.00,114.00,112.00,112.50,60104
2014/3/24,111.50,112.50,111.50,112.50,28475
2014/3/25,111.50,113.50,111.50,113.50,38051
2014/3/26,115.50,116.00,114.50,115.50,43335
2014/3/27,114.50,116.00,114.00,116.00,30766
2014/3/28,116.00,117.50,115.50,117.50,43742
2014/3/31,118.00,118.50,116.50,118.50,46952
2014/4/1,119.00,119.50,118.50,119.50,40048
2014/4/2,120.50,121.00,119.00,120.00,43178
2014/4/3,118.50,119.00,117.50,118.50,36972
2014/4/7,117.50,118.00,116.50,117.50,45030
2014/4/8,117.00,119.50,117.00,119.00,39907
2014/4/9,119.50,120.00,119.00,119.00,28601
2014/4/10,119.00,119.50,118.50,119.50,25650
2014/4/11,118.50,120.00,118.00,120.00,34481
2014/4/14,120.00,121.00,120.00,120.50,30324
2014/4/15,121.50,122.50,121.00,122.50,28577
2014/4/16,121.50,122.50,121.00,121.00,50026
2014/4/17,120.50,121.50,119.00,120.00,35840
2014/4/18,122.50,123.00,121.00,123.00,32863
2014/4/21,122.00,122.00,121.00,121.50,21742
2014/4/22,121.00,122.50,120.50,121.50,22712
2014/4/23,123.00,123.00,120.50,121.00,31071
2014/4/24,121.00,121.00,120.00,121.00,24442
2014/4/25,121.00,121.00,118.00,118.50,49416
2014/4/28,118.50,120.00,117.50,119.00,28039
2014/4/29,120.50,121.00,119.00,120.50,21779
2014/4/30,120.00,120.50,117.00,118.50,43695
2014/5/2,119.00,119.50,117.00,118.00,42651
2014/5/5,117.50,118.00,116.00,117.00,28725
2014/5/6,117.00,119.00,116.50,118.00,27501
2014/5/7,118.00,119.00,117.50,118.50,33257
2014/5/8,119.50,120.00,119.00,119.50,27063
2014/5/9,120.00,120.00,119.00,120.00,23246
2014/5/12,119.50,120.00,117.50,118.50,35494
2014/5/13,120.00,121.00,119.50,120.50,24021
2014/5/14,121.00,122.00,120.50,122.00,32861
2014/5/15,121.00,122.00,120.50,122.00,16790
2014/5/16,122.00,123.00,121.00,122.00,28502
2014/5/19,122.00,122.50,121.00,121.00,18411
2014/5/20,122.00,122.00,121.00,121.00,25252
2014/5/21,122.00,122.00,120.50,120.50,24198
2014/5/22,121.50,122.00,121.00,122.00,26300
2014/5/23,121.00,122.50,121.00,122.00,31749
2014/5/26,123.00,123.50,122.00,123.00,19817
2014/5/27,122.50,124.00,122.50,123.50,18030
2014/5/28,124.00,124.00,122.50,124.00,36699
2014/5/29,123.50,124.00,121.50,122.00,43044
2014/5/30,122.00,122.50,119.50,119.50,69080
2014/6/3,120.00,122.50,120.00,122.50,37714
2014/6/4,123.50,124.00,123.00,123.50,33425
2014/6/5,123.00,123.50,121.50,123.00,19531
2014/6/6,123.50,123.50,122.00,122.50,19246
2014/6/9,122.50,123.50,122.50,123.00,19689
2014/6/10,123.00,124.50,122.50,124.50,25290
2014/6/11,124.00,125.00,123.50,125.00,27820
2014/6/12,124.00,124.00,123.00,123.50,22145
2014/6/13,123.00,123.50,122.50,123.00,17174
2014/6/16,122.50,124.00,122.50,124.00,13551
2014/6/17,124.00,125.00,123.00,125.00,19828
2014/6/18,125.00,126.50,124.00,125.50,37295
2014/6/19,124.50,126.00,124.50,126.00,17913
2014/6/20,126.50,127.00,124.00,124.50,30120
2014/6/23,125.00,125.50,123.00,123.00,25119
2014/6/24,123.00,123.50,122.00,123.00,33235
2014/6/25,123.00,124.50,123.00,123.50,30797
2014/6/26,124.50,125.00,123.50,124.50,30282
2014/6/27,125.00,126.50,124.00,125.50,44414
2014/6/30,126.00,127.00,125.00,126.50,33303
2014/7/1,126.50,128.50,126.00,128.00,32984
2014/7/2,129.50,132.50,129.00,132.50,51525
2014/7/3,131.50,135.00,130.50,134.50,40199
2014/7/4,133.50,136.00,132.00,135.00,44092
2014/7/7,134.50,136.00,132.50,136.00,32144
2014/7/8,135.50,136.00,134.00,134.50,36134
2014/7/9,133.50,135.00,133.50,134.00,39190
2014/7/10,134.50,136.00,134.50,134.50,47115
2014/7/11,136.00,138.00,135.50,136.50,43443
2014/7/14,134.50,134.50,132.50,132.50,46344
2014/7/15,133.00,134.00,132.50,133.00,36994
2014/7/16,133.00,133.50,130.00,130.50,39153
2014/7/17,125.00,125.50,123.00,124.50,136365
2014/7/18,121.50,124.00,121.50,123.50,95753
2014/7/21,123.50,125.00,122.50,124.50,53275
2014/7/22,123.50,125.00,122.50,124.50,53275
2014/7/24,124.50,125.00,124.00,125.00,65655
2014/7/25,124.50,125.00,122.50,123.00,31322
2014/7/28,122.00,122.50,121.00,121.50,43492
2014/7/29,122.50,124.00,122.00,124.00,38065
2014/7/30,123.50,125.00,123.00,124.50,32409
2014/7/31,124.00,124.00,121.00,121.00,44783
2014/8/1,120.00,121.00,119.50,120.00,52467
2014/8/4,120.00,123.50,120.00,123.50,39710
2014/8/5,122.50,122.50,119.50,119.50,61263
2014/8/6,119.00,121.50,119.00,120.50,34622
2014/8/7,120.50,121.50,119.50,121.50,29562
2014/8/8,120.50,121.00,119.50,120.50,35147
2014/8/11,120.00,121.00,119.50,120.50,42980
2014/8/12,121.00,122.00,120.50,121.50,32260
2014/8/13,121.00,123.50,120.50,122.50,39816
2014/8/14,123.50,124.00,123.00,124.00,32932
2014/8/15,124.50,125.00,123.00,124.00,19167
2014/8/18,124.00,124.00,122.50,123.00,14613
2014/8/19,124.00,125.00,123.50,124.00,31612
2014/8/20,125.00,125.50,124.50,125.50,28945
2014/8/21,126.00,126.00,124.00,124.50,22642
2014/8/22,124.50,126.00,123.50,125.50,42744
2014/8/25,125.50,126.00,125.00,125.00,20342
2014/8/26,125.00,125.50,124.00,124.50,28816
2014/8/27,125.50,126.00,124.50,125.50,36811
2014/8/28,126.00,126.00,124.50,125.00,21621
2014/8/29,124.50,125.00,124.00,124.00,28343
2014/9/1,125.00,128.50,125.00,128.50,36373
2014/9/2,128.00,128.00,125.50,126.00,19216
2014/9/3,127.00,128.00,125.50,128.00,24609
2014/9/4,128.00,128.00,126.00,127.50,21665
2014/9/5,128.50,128.50,125.50,127.00,20110
2014/9/9,127.50,127.50,126.50,127.00,22116
2014/9/10,126.00,126.00,124.00,125.00,29454
2014/9/11,126.00,126.00,125.00,125.00,22852
2014/9/12,124.50,125.00,123.00,123.00,19950
2014/9/15,122.50,123.50,122.00,123.50,19630
2014/9/16,123.00,123.00,122.00,122.50,19235
2014/9/17,123.50,125.00,123.00,124.50,23555
2014/9/18,124.50,125.00,123.50,125.00,14777
2014/9/19,125.50,126.00,125.00,125.00,30619
2014/9/22,124.00,124.00,122.00,122.00,39390
2014/9/23,123.00,123.50,122.00,122.50,15303
2014/9/24,122.00,124.00,122.00,123.00,27620
2014/9/25,123.00,124.00,121.50,122.00,23248
2014/9/26,121.00,121.50,120.50,121.00,23593
2014/9/29,122.00,122.00,120.00,120.50,54796
2014/9/30,120.00,121.00,119.00,120.00,44130
2014/10/1,120.00,122.00,120.00,121.50,42233
2014/10/2,121.00,122.50,120.50,121.00,30782
2014/10/3,122.50,125.00,122.00,124.50,52021
2014/10/6,125.00,126.00,124.00,126.00,37304
2014/10/7,125.00,125.50,123.50,125.00,40049
2014/10/8,123.50,125.00,122.50,122.50,29364
2014/10/9,124.00,125.00,123.50,125.00,35454
2014/10/13,119.00,121.50,118.00,120.50,69330
2014/10/14,120.00,121.50,119.50,121.00,31868
2014/10/15,121.50,123.00,121.00,121.50,43930
2014/10/16,121.50,124.00,120.00,121.50,45951
2014/10/17,125.00,125.50,123.50,123.50,91798
2014/10/20,125.00,126.00,124.50,126.00,38330
2014/10/21,126.00,126.00,124.50,125.00,25615
2014/10/22,127.50,129.00,127.50,129.00,64199
2014/10/23,128.00,128.50,127.50,127.50,26489
2014/10/24,127.00,127.50,125.00,125.50,42145
2014/10/27,126.50,128.00,126.50,128.00,25126
2014/10/28,129.00,129.50,127.50,128.00,35002
2014/10/29,129.00,129.50,128.00,129.00,34705
2014/10/30,128.50,129.00,127.00,128.50,35707
2014/10/31,128.00,130.50,127.50,130.50,42173
2014/11/3,132.00,132.50,130.50,131.00,45011
2014/11/4,132.00,132.00,131.00,132.00,32189
2014/11/5,131.50,132.00,131.00,132.00,22605
2014/11/6,132.50,132.50,131.50,132.00,28411
2014/11/7,131.50,131.50,130.50,131.00,16737
2014/11/10,132.50,134.50,132.00,134.50,42661
2014/11/11,135.00,135.00,133.00,134.00,20455
2014/11/12,134.50,134.50,131.50,132.00,27409
2014/11/13,133.50,134.50,132.50,134.00,24901
2014/11/14,134.00,135.00,133.50,135.00,23696
2014/11/17,135.00,135.50,132.50,133.00,23677
2014/11/18,134.00,134.50,131.00,131.50,42713
2014/11/19,133.00,136.50,132.50,136.00,71121
2014/11/20,137.50,139.00,137.00,139.00,44123
2014/11/21,139.50,139.50,137.50,138.50,30434
2014/11/24,140.00,140.50,138.00,138.50,33357
2014/11/25,138.50,140.00,138.50,139.00,42734
2014/11/26,138.50,139.00,138.00,139.00,23166
2014/11/27,140.00,142.00,140.00,140.00,26241
2014/11/28,139.00,141.50,139.00,141.50,35735
2014/12/1,139.00,142.00,138.50,140.00,41267
2014/12/2,139.50,139.50,137.50,137.50,45956
2014/12/3,137.50,139.00,136.50,138.00,38950
2014/12/4,139.00,140.00,138.50,139.00,28248
2014/12/5,138.50,139.50,137.00,137.50,27063
2014/12/8,138.00,138.50,137.00,138.00,19659
2014/12/9,138.00,139.00,137.50,138.00,31798
2014/12/10,138.00,139.00,136.00,136.00,39823
2014/12/11,135.00,136.00,134.50,134.50,32311
2014/12/12,135.00,136.00,134.50,135.00,31480
2014/12/15,134.50,136.50,134.50,136.00,44388
2014/12/16,134.50,135.50,133.00,133.00,41253
2014/12/17,133.00,133.00,130.00,130.50,70577
2014/12/18,132.00,133.00,131.00,131.50,50448
2014/12/19,134.50,138.00,134.00,138.00,44391
2014/12/22,137.50,140.00,137.00,138.50,34648
2014/12/23,139.00,140.00,137.00,137.50,19137
2014/12/24,136.00,138.00,136.00,138.00,16702
2014/12/25,137.00,138.00,137.00,137.50,7378
2014/12/26,138.00,139.00,137.00,139.00,13162
2014/12/27,139.00,139.00,137.50,138.50,4812
2014/12/29,138.00,141.00,138.00,141.00,35032
2014/12/30,141.00,141.50,139.00,140.00,21821
2014/12/31,139.00,141.00,139.00,141.00,18328
2015/1/9,135.00,135.50,133.00,134.00,61775
2015/1/12,132.50,133.50,132.00,132.00,30373
2015/1/13,131.00,133.00,130.50,132.50,37832
2015/1/14,132.50,133.00,130.00,130.00,48774
2015/1/15,131.50,133.00,131.50,131.50,40624
2015/1/16,140.00,140.00,136.00,137.00,124199
2015/1/19,138.50,139.50,137.50,139.00,50036
2015/1/20,139.00,139.00,137.50,138.00,32819
2015/1/21,139.50,141.00,139.50,141.00,70524
2015/2/9,143.00,143.50,141.50,142.00,26333
2015/2/10,142.00,143.00,141.50,142.50,33310
2015/2/11,146.00,149.00,146.00,148.00,71371
2015/2/12,149.50,149.50,147.50,148.50,33627
2015/2/13,148.50,150.00,148.00,148.50,37991
2015/2/24,149.00,152.00,148.50,151.00,72531
2015/2/25,152.50,154.50,152.50,154.50,48239
2015/2/26,153.50,154.00,150.50,150.50,55614
2015/3/2,151.50,153.00,148.50,149.00,41401
2015/3/3,150.00,151.00,148.50,150.50,29173
2015/3/4,150.00,151.50,149.00,150.50,32639
2015/3/5,150.00,151.00,148.50,150.00,28920
2015/3/6,149.00,149.50,148.50,149.00,31346
2015/3/10,145.00,145.00,144.00,144.00,46830
2015/3/11,143.50,148.00,143.00,146.00,51806
2015/3/12,147.00,148.50,146.50,148.00,32237
2015/3/13,148.00,149.50,147.00,149.00,45478
2015/3/16,149.00,149.50,146.00,146.00,36943
2015/3/17,148.50,150.00,148.50,149.00,55744
2015/3/18,151.00,154.00,150.00,153.50,70859
2015/3/19,152.50,155.00,152.50,154.00,43109
2015/3/20,151.50,154.00,151.50,154.00,37752
2015/3/23,154.00,154.00,152.50,153.50,26336
2015/3/24,153.50,153.50,151.50,151.50,36115
2015/3/25,152.00,152.50,150.50,151.00,44486
2015/3/26,145.50,147.00,144.50,145.50,157106
2015/3/27,144.00,145.50,142.50,142.50,106768
2015/3/30,142.50,144.00,142.00,142.50,59850
2015/3/31,144.00,145.50,143.00,145.50,56673
2015/4/1,145.00,145.00,143.50,144.00,38732
2015/4/2,145.00,148.00,144.50,147.00,49276
2015/4/7,146.50,147.50,145.00,146.00,33374
2015/4/8,145.50,146.00,143.00,143.00,47519
2015/4/9,144.00,145.50,143.00,143.00,46533
2015/4/10,146.00,147.00,145.00,147.00,33886
2015/4/13,146.50,147.50,146.00,147.00,23854
2015/4/14,145.00,145.50,143.50,144.00,41554
2015/4/15,143.50,144.50,141.50,143.00,71591
2015/4/16,145.00,147.00,144.50,147.00,54522
2015/4/17,143.00,144.00,142.50,142.50,76862
2015/4/20,142.00,144.00,141.50,143.00,34354
2015/4/21,142.00,143.50,141.50,142.50,36274
2015/4/22,143.50,145.00,143.00,143.50,40618
2015/4/23,145.50,147.00,145.00,147.00,46987
2015/4/24,149.00,152.50,148.50,152.50,122729
2015/4/27,153.00,153.00,150.00,151.50,57581
2015/4/28,153.50,153.50,150.50,151.50,43239
2015/4/29,150.00,151.00,148.00,148.50,37402
2015/4/30,147.00,148.50,146.50,147.00,48957
2015/5/4,148.50,148.50,146.00,147.50,30838
2015/5/5,147.50,148.00,146.00,147.00,27578
2015/5/6,145.50,148.00,145.50,147.50,18808
2015/5/7,146.00,147.50,146.00,146.50,21887
2015/5/8,146.00,147.50,146.00,146.50,20013
2015/5/11,149.00,149.00,147.00,148.50,20372
2015/5/12,147.00,148.50,147.00,147.50,20513
2015/5/13,147.50,149.00,147.00,148.00,18862
2015/5/14,148.00,148.50,146.00,146.00,39010
2015/5/15,147.00,147.00,145.00,146.50,24311
2015/5/18,147.00,147.00,145.00,146.50,22912
2015/5/19,145.50,147.50,145.00,146.50,26302
2015/5/20,146.50,147.00,146.00,146.50,26965
2015/5/21,146.00,146.50,144.50,145.50,40889
2015/5/22,146.00,147.00,145.00,145.50,22088
2015/5/25,146.50,147.50,145.50,147.50,16306
2015/5/26,148.50,148.50,146.50,146.50,15552
2015/5/27,145.50,147.00,145.00,145.00,23852
2015/5/28,147.00,147.50,146.00,147.00,35906
2015/5/29,147.00,147.50,145.50,146.00,56619
2015/6/1,145.50,146.00,144.00,145.00,31632
2015/6/2,144.50,144.50,143.50,144.00,33411
2015/6/3,143.50,144.50,143.00,143.00,29897
2015/6/4,142.00,142.50,140.00,141.00,58360
2015/6/5,139.50,140.50,139.00,140.00,42819
2015/6/8,139.50,140.00,138.50,138.50,45502
2015/6/9,138.50,140.00,138.00,139.00,31637
2015/6/10,141.00,141.50,139.50,139.50,37115
2015/6/11,141.00,144.00,141.00,143.50,44680
2015/6/12,144.00,144.50,142.50,144.50,31472
2015/6/15,144.50,144.50,142.50,143.00,23647
2015/6/16,143.00,143.00,141.00,142.00,27289
2015/6/17,143.00,143.50,142.00,142.50,31332
2015/6/18,142.00,143.00,142.00,142.00,28613
2015/6/22,142.00,143.50,142.00,142.00,28332
2015/6/23,143.00,145.00,142.50,144.50,37262
2015/6/24,144.50,145.00,143.50,145.00,18608
2015/6/25,145.00,147.00,145.00,146.50,43689
2015/6/26,147.00,147.50,145.50,146.00,33899
2015/6/29,140.50,141.00,138.50,138.50,53068
2015/6/30,139.00,140.50,138.50,140.50,45348
2015/7/1,140.00,142.50,139.00,141.00,32560
2015/7/2,140.50,142.00,140.50,141.50,23927
2015/7/3,141.50,142.50,140.00,142.50,16130
2015/7/6,141.00,141.50,140.50,140.50,20671
2015/7/7,141.00,142.00,140.50,140.50,26370
2015/7/8,140.50,141.00,138.00,138.00,52040
2015/7/9,134.00,138.00,134.00,136.50,53245
2015/7/13,137.00,139.50,137.00,138.50,34541
2015/7/14,139.50,140.50,138.00,138.50,27555
2015/7/15,139.00,139.50,138.00,138.50,23305
2015/7/16,140.00,140.00,135.50,136.50,37211
2015/7/17,138.00,140.00,138.00,140.00,55827
2015/7/20,141.50,142.00,138.50,139.00,27670
2015/7/21,141.00,141.50,139.50,140.50,19473
2015/7/22,139.00,139.50,138.00,139.00,24660
2015/7/23,137.00,137.50,136.00,136.00,36401
2015/7/24,138.00,138.00,136.00,137.00,38244
2015/7/27,135.00,135.50,134.00,134.00,43409
2015/7/28,135.00,136.50,134.00,134.00,34225
2015/7/29,135.00,136.00,134.50,135.50,29891
2015/7/30,136.00,139.00,136.00,138.50,36136
2015/7/31,140.50,140.50,137.50,139.50,40052
2015/8/3,138.50,138.50,134.50,134.50,33725
2015/8/4,135.00,136.50,134.50,136.50,26576
2015/8/5,135.50,135.50,134.00,134.00,28539
2015/8/6,136.00,136.00,132.00,134.00,38740
2015/8/7,133.00,133.50,131.50,133.00,30574
2015/8/10,131.00,131.00,125.50,129.00,63708
2015/8/11,133.50,133.50,130.50,130.50,64445
2015/8/12,129.50,130.00,127.50,128.50,41732
2015/8/13,129.00,130.00,127.50,128.00,35957
2015/8/14,128.00,128.50,125.00,126.00,39470
2015/8/17,125.50,125.50,123.00,124.00,37911
2015/8/18,125.00,126.50,125.00,126.00,40770
2015/8/19,127.50,127.50,124.00,125.00,41362
2015/8/20,124.50,126.00,123.50,126.00,38061
2015/8/21,123.00,124.50,121.00,121.00,59893
2015/8/24,120.00,121.00,112.50,115.00,116426
2015/8/25,118.00,124.00,117.50,123.50,95032
2015/8/26,121.00,124.50,119.50,122.50,64977
2015/8/27,125.00,125.00,122.00,124.00,53407
2015/8/28,127.00,127.00,124.50,125.00,41525
2015/8/31,126.00,129.00,123.50,129.00,57061
2015/9/1,127.50,127.50,124.00,124.00,42379
2015/9/2,123.00,127.00,123.00,125.50,37042
2015/9/3,127.50,127.50,125.00,127.00,24043
2015/9/4,126.50,127.00,123.50,125.00,22031
2015/9/7,124.50,126.00,122.00,122.50,25972
2015/9/8,122.50,123.50,122.00,123.00,15102
2015/9/9,126.50,129.00,126.50,129.00,53715
2015/9/10,127.00,128.00,125.00,125.00,32921
2015/9/11,125.50,127.50,124.00,127.50,20559
2015/9/14,128.00,129.00,126.00,127.50,25568
2015/9/15,127.50,128.00,125.50,126.00,21661
2015/9/16,128.00,130.00,127.50,129.50,39934
2015/9/17,130.50,131.50,130.00,131.00,49510
2015/9/18,129.50,131.50,129.00,131.50,31950
2015/9/21,130.00,130.00,128.50,129.50,29958
2015/9/22,130.00,130.00,128.50,129.00,17640
2015/9/23,127.00,127.50,124.50,124.50,32953
2015/9/24,127.00,128.00,125.50,127.00,43496
2015/9/25,127.00,127.50,125.00,127.00,24670
2015/9/30,128.00,131.00,127.00,130.00,67169
2015/10/1,131.00,134.00,129.50,133.50,49659
2015/10/2,132.50,132.50,131.50,132.00,25240
2015/10/5,133.00,133.50,131.50,132.50,30282
2015/10/6,135.00,135.50,132.50,133.00,48628
2015/10/7,133.50,135.00,133.00,135.00,31830
2015/10/8,137.00,137.00,135.00,136.00,31163
2015/10/12,137.00,139.00,136.50,138.50,47369
2015/10/13,138.50,138.50,136.00,137.50,36154
2015/10/14,136.50,137.50,136.00,136.50,18030
2015/10/15,139.00,141.00,139.00,140.00,57216
2015/10/16,137.00,137.50,136.00,137.50,36247
2015/10/19,138.50,139.00,137.00,138.00,26159
2015/10/20,139.00,139.00,137.50,139.00,27489
2015/10/21,139.50,140.00,137.50,138.50,18035
2015/10/22,138.00,138.50,137.00,137.50,15157
2015/10/23,140.00,140.50,139.00,140.00,35648
2015/10/26,140.50,140.50,139.00,140.00,24397
2015/10/27,138.50,140.00,137.50,139.00,26024
2015/10/28,137.00,139.00,137.00,138.00,22546
2015/10/29,139.00,139.50,136.50,136.50,20454
2015/10/30,137.00,137.50,136.00,136.50,27851
2015/11/2,138.50,138.50,135.50,137.50,21666
2015/11/3,138.50,140.00,138.00,139.50,33177
2015/11/4,141.50,144.50,141.00,144.50,75263
2015/11/5,144.00,144.50,142.50,142.50,35790
2015/11/6,144.00,144.00,139.00,140.00,45705
2015/11/9,141.00,143.00,140.50,142.00,24845
2015/11/10,141.50,141.50,139.00,139.50,23322
2015/11/11,140.50,140.50,136.50,137.50,29449
2015/11/12,138.50,139.00,138.00,138.50,16478
2015/11/13,137.50,139.00,136.00,136.00,21649
2015/11/16,134.00,135.50,134.00,135.00,32119
2015/11/17,138.00,140.00,137.50,138.50,28204
2015/11/18,139.50,140.00,136.50,137.00,29098
2015/11/19,138.50,140.50,138.00,140.50,27442
2015/11/20,140.50,141.00,140.00,141.00,20280
2015/11/23,141.00,141.50,140.00,141.00,17171
2015/11/24,140.00,141.50,139.50,139.50,21845
2015/11/25,139.50,141.00,138.50,141.00,27145
2015/11/26,141.00,142.50,140.00,142.50,31992
2015/11/27,143.00,143.00,139.00,139.00,23160
2015/11/30,136.50,139.00,136.00,139.00,108728
2015/12/1,140.50,142.50,138.50,142.50,46172
2015/12/2,144.00,144.00,142.00,142.50,31643
2015/12/3,141.50,143.00,141.50,142.50,18843
2015/12/4,141.00,142.50,140.50,140.50,30877
2015/12/7,142.00,144.50,142.00,143.50,40379
2015/12/8,143.50,144.00,141.00,142.50,32184
2015/12/9,142.00,142.00,140.50,140.50,26766
2015/12/10,140.50,141.50,139.00,141.00,41470
2015/12/11,141.00,142.00,139.00,139.50,29942
2015/12/14,137.50,139.50,137.50,139.00,32662
2015/12/15,139.50,140.50,138.00,138.00,23578
2015/12/16,142.00,144.00,141.00,143.50,56570
2015/12/17,144.50,145.00,143.00,145.00,34484
2015/12/18,143.00,145.00,142.00,142.00,36320
2015/12/21,141.50,142.50,140.50,141.50,26855
2015/12/22,141.00,142.00,140.50,142.00,17127
2015/12/23,141.00,143.00,140.50,141.50,18075
2015/12/24,143.00,143.50,142.00,142.00,13479
2015/12/25,142.00,143.50,142.00,143.00,6152
2015/12/28,143.50,144.00,143.00,143.50,10814
2015/12/29,143.50,144.00,141.50,142.00,12838
2015/12/30,142.50,144.00,142.00,142.50,14591
2015/12/31,142.00,144.00,141.00,143.00,18354
2016/1/4,142.50,143.50,139.00,139.50,39199
2016/1/5,139.00,140.00,137.00,138.00,46487
2016/1/6,138.00,138.00,135.00,135.50,53651
2016/1/7,134.50,135.00,130.50,133.00,62564
2016/1/8,132.00,135.00,132.00,134.00,50144
2016/1/11,133.00,134.50,130.50,133.00,48402
2016/1/12,133.00,134.00,131.50,133.00,34718
2016/1/13,133.50,135.50,133.00,133.50,37727
2016/1/14,130.50,132.00,130.50,131.50,39363
2016/1/15,137.50,138.00,135.50,137.00,79492
2016/1/18,135.00,138.00,134.50,137.00,36768
2016/1/19,137.50,138.00,136.00,138.00,23780
2016/1/20,137.50,137.50,133.50,134.50,43923
2016/1/21,134.00,136.50,134.00,135.00,31947
2016/1/22,136.50,138.50,136.00,138.50,33909
2016/1/25,140.00,140.00,139.00,139.50,27195
2016/1/26,137.50,139.00,137.00,137.50,24088
2016/1/27,139.00,139.50,138.50,139.50,24035
2016/1/28,138.00,140.50,138.00,140.00,37888
2016/1/29,138.50,143.00,138.00,143.00,55645
2016/1/30,142.50,143.00,141.00,142.00,11851
2016/2/1,144.00,144.00,141.50,144.00,40956
2016/2/2,144.00,144.50,141.50,142.50,25387
2016/2/3,145.00,146.00,144.50,146.00,71509
2016/2/15,142.00,146.50,142.00,145.00,72906
2016/2/16,146.00,148.00,145.50,147.50,55016
2016/2/17,149.00,149.00,147.00,148.00,38462
2016/2/18,150.00,151.00,149.50,151.00,61708
2016/2/19,149.00,151.00,149.00,151.00,35679
2016/2/22,149.50,152.50,149.50,151.00,27038
2016/2/23,150.50,151.00,149.00,149.50,22330
2016/2/24,149.50,150.50,147.00,148.00,22059
2016/2/25,149.00,151.00,148.50,150.50,25203
2016/2/26,151.00,151.50,148.00,149.00,37685
2016/3/1,148.50,152.00,148.50,152.00,38638
2016/3/2,154.00,154.50,153.00,153.00,36063
2016/3/3,154.00,154.50,153.00,154.00,28835
2016/3/4,153.00,153.50,151.50,152.50,32805
