"Date","Open","High","Low","Close","TotalVolume"
2016/1/4,142.50,143.50,139.00,139.50,39199
2016/1/5,139.00,140.00,137.00,138.00,46487
2016/1/6,138.00,138.00,135.00,135.50,53651
2016/1/7,134.50,135.00,130.50,133.00,62564
2016/1/8,132.00,135.00,132.00,134.00,50144
2016/1/11,133.00,134.50,130.50,133.00,48402
2016/1/12,133.00,134.00,131.50,133.00,34718
2016/1/13,133.50,135.50,133.00,133.50,37727
2016/1/14,130.50,132.00,130.50,131.50,39363
2016/1/15,137.50,138.00,135.50,137.00,79492
2016/1/18,135.00,138.00,134.50,137.00,36768
2016/1/19,137.50,138.00,136.00,138.00,23780
2016/1/20,137.50,137.50,133.50,134.50,43923
2016/1/21,134.00,136.50,134.00,135.00,31947
2016/1/22,136.50,138.50,136.00,138.50,33909
2016/1/25,140.00,140.00,139.00,139.50,27195
2016/1/26,137.50,139.00,137.00,137.50,24088
2016/1/27,139.00,139.50,138.50,139.50,24035
2016/1/28,138.00,140.50,138.00,140.00,37888
2016/1/29,138.50,143.00,138.00,143.00,55645
2016/1/30,142.50,143.00,141.00,142.00,11851
2016/2/1,144.00,144.00,141.50,144.00,40956
2016/2/2,144.00,144.50,141.50,142.50,25387
2016/2/3,145.00,146.00,144.50,146.00,71509
2016/2/15,142.00,146.50,142.00,145.00,72906
2016/2/16,146.00,148.00,145.50,147.50,55016
2016/2/17,149.00,149.00,147.00,148.00,38462
2016/2/18,150.00,151.00,149.50,151.00,61708
2016/2/19,149.00,151.00,149.00,151.00,35679
2016/2/22,149.50,152.50,149.50,151.00,27038
2016/2/23,150.50,151.00,149.00,149.50,22330
2016/2/24,149.50,150.50,147.00,148.00,22059
2016/2/25,149.00,151.00,148.50,150.50,25203
2016/2/26,151.00,151.50,148.00,149.00,37685
2016/3/1,148.50,152.00,148.50,152.00,38638
2016/3/2,154.00,154.50,153.00,153.00,36063
2016/3/3,154.00,154.50,153.00,154.00,28835
2016/3/4,153.00,153.50,151.50,152.50,32805
2016/3/7,152.50,153.50,151.00,152.00,23916
2016/3/8,151.00,152.00,149.50,152.00,35701
2016/3/9,152.00,153.00,150.50,153.00,24228
2016/3/10,153.00,154.50,151.50,154.50,28314
2016/3/11,154.50,155.00,153.00,155.00,29588
2016/3/14,156.50,157.50,155.50,156.00,32780
2016/3/15,155.00,156.50,153.00,154.50,28720
2016/3/16,155.50,156.00,154.00,156.00,31094
2016/3/17,159.50,160.00,157.50,158.50,48225
2016/3/18,158.50,159.50,158.50,159.50,56103
2016/3/21,160.00,160.00,158.00,160.00,26178
2016/3/22,159.50,159.50,157.00,158.50,25837
2016/3/23,158.50,159.50,158.00,159.50,27484
2016/3/24,158.00,159.00,157.00,158.50,24871
2016/3/25,158.50,159.00,157.00,158.00,10180
2016/3/28,158.00,159.00,157.00,159.00,15291
2016/3/29,158.50,159.50,158.00,159.00,19038
2016/3/30,158.50,162.00,158.50,161.50,43665
2016/3/31,162.00,163.00,159.00,162.00,49442
2016/4/1,161.00,161.00,157.50,158.50,31583
2016/4/6,155.50,156.00,153.50,153.50,58195
2016/4/7,155.00,155.00,152.50,154.50,35260
2016/4/8,154.00,158.00,154.00,157.50,41046
2016/4/11,156.00,159.00,155.50,158.50,21773
2016/4/12,157.50,159.50,157.50,158.50,14864
2016/4/13,160.00,162.00,159.50,161.50,39786
2016/4/14,162.00,162.50,160.00,161.50,31346
2016/4/15,157.00,160.00,156.00,159.50,48817
2016/4/18,158.00,158.50,157.50,158.00,20299
2016/4/19,160.00,161.00,157.00,157.50,26601
2016/4/20,157.50,158.00,154.00,154.00,41026
2016/4/21,156.00,157.00,154.00,157.00,29729
2016/4/22,155.50,158.00,155.00,156.50,29012
2016/4/25,156.50,157.50,156.00,157.50,14355
2016/4/26,156.50,158.50,156.50,158.00,18166
2016/4/27,156.00,157.50,155.50,156.50,28853
2016/4/28,157.50,158.00,153.00,153.00,48938
2016/4/29,151.00,151.00,149.00,150.00,66480
2016/5/3,148.00,148.50,146.50,147.50,68578
2016/5/4,147.00,149.00,146.50,147.00,52989
2016/5/5,147.50,148.50,146.00,147.50,38315
2016/5/6,148.50,148.50,147.00,148.00,36528
2016/5/9,148.50,149.00,146.50,147.50,38485
2016/5/10,147.00,148.00,146.50,147.00,29804
2016/5/11,148.50,149.00,146.50,147.00,40083
2016/5/12,147.00,148.00,146.00,146.00,23793
2016/5/13,145.00,145.50,143.00,144.00,60176
2016/5/16,143.00,145.50,143.00,144.50,31135
2016/5/17,145.50,147.00,145.00,147.00,30285
2016/5/18,146.00,147.00,145.00,147.00,31091
2016/5/19,148.00,148.50,145.50,147.00,35180
2016/5/20,147.50,149.50,147.00,148.50,36328
2016/5/23,150.50,154.50,149.50,154.00,50149
2016/5/24,152.50,153.50,151.00,151.00,24492
2016/5/25,153.50,155.00,152.50,154.50,30744
2016/5/26,154.50,155.00,153.50,155.00,17232
2016/5/27,156.00,156.50,154.50,156.50,23011
2016/5/30,157.00,158.00,155.00,157.00,36361
2016/5/31,156.50,157.50,155.00,156.50,69667
2016/6/1,156.00,159.00,156.00,159.00,26928
2016/6/2,159.00,160.00,158.00,159.00,21978
2016/6/3,159.00,160.50,159.00,160.50,31889
2016/6/4,160.00,160.00,159.50,160.00,2614
2016/6/6,161.00,162.00,160.00,161.00,28767
2016/6/7,161.50,163.50,161.00,162.00,47071
2016/6/8,164.00,166.00,163.50,165.50,45271
2016/6/13,161.00,162.50,161.00,162.00,48763
2016/6/14,161.00,163.00,161.00,162.00,27526
2016/6/15,162.00,163.00,161.00,163.00,29308
2016/6/16,161.50,162.50,159.50,160.50,24435
2016/6/17,162.50,164.50,162.00,163.00,30658
2016/6/20,164.50,165.00,163.00,163.00,24916
2016/6/21,164.00,165.50,163.50,165.50,28003
2016/6/22,164.50,166.00,163.50,166.00,30366
2016/6/23,165.50,166.00,164.00,164.00,22556
2016/6/24,164.00,164.00,154.50,159.00,86955
2016/6/27,154.50,156.00,154.00,155.50,42891
2016/6/28,155.50,157.50,155.00,157.00,38796
2016/6/29,158.50,160.00,158.00,159.00,31551
2016/6/30,161.00,163.00,159.50,162.50,42423
2016/7/1,164.50,166.00,163.50,166.00,36237
2016/7/4,165.50,166.50,164.50,166.00,25791
2016/7/5,165.00,165.50,164.00,164.00,16400
2016/7/6,163.00,163.00,160.50,161.50,34855
2016/7/7,163.50,165.00,163.00,164.50,23796
2016/7/11,170.00,170.50,168.50,170.00,50993
2016/7/12,171.00,171.50,169.50,171.00,41982
2016/7/13,169.50,170.00,167.00,168.50,50693
2016/7/14,167.00,170.00,167.00,169.00,34890
2016/7/15,168.00,169.50,166.50,169.50,41587
2016/7/18,168.00,170.00,168.00,169.50,24749
2016/7/19,170.50,170.50,169.00,170.50,42456
2016/7/20,170.00,170.50,169.00,170.00,38053
2016/7/21,171.00,172.00,170.00,172.00,33130
2016/7/22,172.00,172.00,170.50,171.00,28504
2016/7/25,172.00,173.00,169.00,171.50,27145
2016/7/26,172.00,173.00,171.50,173.00,32685
2016/7/27,175.00,176.00,174.50,175.00,34117
2016/7/28,175.00,176.50,173.00,176.50,31071
2016/7/29,177.00,177.00,172.50,172.50,29795
2016/8/1,175.00,177.00,174.50,177.00,34188
2016/8/2,177.50,177.50,175.50,176.00,15250
2016/8/3,172.50,174.00,172.00,172.50,21627
2016/8/4,173.00,174.50,172.50,174.50,13612
2016/8/5,175.00,177.50,174.00,177.00,25759
2016/8/8,178.00,178.00,176.50,178.00,16200
2016/8/9,178.50,179.50,177.00,178.50,16413
2016/8/10,179.00,179.50,178.00,179.50,19279
2016/8/11,177.50,178.00,175.50,176.50,28180
2016/8/12,178.50,178.50,177.00,177.50,22947
2016/8/15,178.50,179.00,177.50,179.00,12020
2016/8/16,178.00,179.00,175.00,175.50,34260
2016/8/17,177.00,177.50,176.00,177.00,21487
2016/8/18,176.00,176.50,175.00,176.00,27253
2016/8/19,177.00,177.50,174.00,174.50,23470
2016/8/22,173.00,174.00,171.50,173.00,21273
2016/8/23,174.00,175.00,173.50,174.00,20886
2016/8/24,175.00,175.50,173.50,173.50,12086
2016/8/25,175.00,177.00,174.50,177.00,23858
2016/8/26,175.00,177.00,175.00,177.00,15066
2016/8/29,175.00,177.00,174.00,176.50,16953
2016/8/30,176.00,176.50,174.00,174.50,19337
2016/8/31,176.50,177.00,174.50,176.00,38462
2016/9/1,176.00,176.00,173.00,173.50,22686
2016/9/2,176.50,176.50,174.00,174.50,16975
2016/9/5,176.50,177.50,176.50,176.50,22369
2016/9/6,177.00,179.00,176.50,179.00,25998
2016/9/7,180.50,185.00,180.00,184.00,49733
2016/9/8,182.50,184.50,182.50,183.00,30154
2016/9/9,181.00,181.00,179.50,179.50,29771
2016/9/10,177.00,179.00,176.00,178.00,15452
2016/9/12,177.50,177.50,174.00,175.00,42634
2016/9/13,176.50,176.50,173.50,175.00,36790
2016/9/14,174.00,176.00,173.50,173.50,52845
2016/9/19,179.50,183.00,178.50,182.50,56959
2016/9/20,182.00,183.50,181.50,183.00,23611
2016/9/21,181.00,184.00,180.50,184.00,24950
2016/9/22,185.00,185.50,183.50,185.50,20954
2016/9/23,185.00,187.50,184.50,187.50,23073
2016/9/26,183.50,185.00,183.00,183.00,23097
2016/9/29,185.50,187.50,185.50,185.50,54236
2016/9/30,185.50,186.50,182.50,182.50,42492
2016/10/3,186.00,186.50,184.50,186.00,17678
2016/10/4,185.00,187.00,185.00,187.00,16825
2016/10/5,186.00,186.00,184.50,186.00,19124
2016/10/6,185.00,187.50,185.00,187.50,15456
2016/10/7,188.00,188.00,186.00,188.00,15000
2016/10/11,191.00,191.00,186.00,187.50,30274
2016/10/12,186.50,190.00,186.00,189.50,22556
2016/10/13,190.50,191.00,187.00,188.50,37382
2016/10/14,187.00,189.00,186.50,188.00,33216
2016/10/17,186.50,187.50,185.00,186.50,37310
2016/10/18,186.50,187.00,185.50,187.00,38000
2016/10/19,187.50,189.50,187.50,189.50,33250
2016/10/20,189.50,190.50,189.00,190.50,13186
2016/10/21,191.00,192.00,188.50,188.50,21924
2016/10/24,191.00,191.00,189.50,191.00,13447
2016/10/25,192.00,193.00,191.00,193.00,18832
2016/10/26,190.50,192.50,190.50,191.50,21023
2016/10/27,191.50,191.50,188.50,188.50,26183
2016/10/28,189.50,190.00,188.50,189.50,24332
2016/10/31,189.00,190.50,186.50,188.50,25306
2016/11/1,188.50,189.50,187.50,189.50,14260
2016/11/2,187.50,188.00,186.00,186.00,16418
2016/11/3,185.50,186.50,184.50,184.50,25002
2016/11/4,184.50,186.00,184.00,184.50,14842
2016/11/7,186.50,189.00,186.00,189.00,21332
2016/11/8,190.00,190.00,188.00,188.50,15437
2016/11/9,190.00,190.50,182.00,182.00,55541
2016/11/10,187.00,188.00,185.50,185.50,38234
2016/11/11,181.50,183.00,181.00,181.50,67603
2016/11/14,181.00,182.00,180.00,180.50,47999
2016/11/15,179.50,182.00,179.00,180.00,33505
2016/11/16,180.50,183.00,180.00,180.00,34833
2016/11/17,182.00,182.50,180.50,181.50,22434
2016/11/18,181.50,181.50,180.00,181.00,22474
2016/11/21,180.50,181.50,180.00,181.00,15600
2016/11/22,182.00,185.00,181.50,184.00,27599
2016/11/23,184.50,186.50,184.00,185.50,22128
2016/11/24,184.00,185.00,183.00,183.00,14980
2016/11/25,182.50,183.50,182.00,182.00,10116
2016/11/28,181.50,184.00,181.50,184.00,19108
2016/11/29,183.50,185.00,182.00,182.00,24408
2016/11/30,181.50,183.00,181.50,183.00,39671
2016/12/1,182.00,183.00,181.50,183.00,13908
2016/12/2,179.00,179.50,178.00,178.00,53836
2016/12/5,178.00,180.00,178.00,179.00,29200
2016/12/6,181.00,183.00,180.50,182.00,27309
2016/12/7,183.00,183.50,181.50,181.50,14110
2016/12/8,184.00,185.50,183.00,185.50,27257
2016/12/9,186.00,186.00,184.50,186.00,24867
2016/12/12,186.00,187.00,184.00,185.00,18796
2016/12/13,186.50,186.50,184.50,186.00,23591
2016/12/14,186.50,187.50,185.50,187.50,16571
2016/12/15,185.00,187.50,184.50,187.00,22803
2016/12/16,185.50,187.00,185.00,185.00,35985
2016/12/19,184.00,184.50,182.50,182.50,20535
2016/12/20,181.00,182.50,180.00,182.50,24139
2016/12/21,181.00,182.00,180.00,180.00,29690
2016/12/22,180.00,180.50,179.00,179.00,26269
2016/12/23,179.00,180.00,178.50,178.50,22961
2016/12/26,179.00,180.00,179.00,179.50,5675
2016/12/27,180.00,180.50,179.50,180.00,8252
2016/12/28,181.00,182.00,180.50,182.00,21226
2016/12/29,180.00,181.50,180.00,180.00,30200
2016/12/30,181.00,182.50,180.00,181.50,36610
2017/1/3,181.50,183.50,181.00,183.00,22630
2017/1/4,183.00,184.00,181.50,183.00,24369
2017/1/5,182.00,183.50,181.50,183.50,20979
2017/1/6,184.00,184.50,183.50,184.00,22443
2017/1/9,184.00,185.00,183.00,184.00,18569
2017/1/10,184.50,185.50,183.50,184.00,20198
2017/1/11,185.00,185.00,181.50,182.00,29107
2017/1/12,182.50,185.50,182.50,184.50,41130
2017/1/13,180.50,182.50,180.50,181.50,52352
2017/1/16,180.00,180.50,179.00,179.50,30756
2017/1/17,180.50,181.00,179.50,181.00,13159
2017/1/18,180.50,181.00,179.50,181.00,23693
2017/1/19,179.50,181.00,179.50,180.50,24627
2017/1/20,181.00,181.50,180.50,181.00,23429
2017/1/23,182.50,185.00,182.50,185.00,36992
2017/1/24,185.00,186.50,184.50,185.50,55022
2017/2/2,188.00,188.50,184.00,184.50,94089
2017/2/3,186.00,186.00,183.50,184.50,29518
2017/2/6,184.50,185.50,184.00,184.50,24779
2017/2/7,183.50,185.00,183.00,184.50,23616
2017/2/8,183.50,184.50,183.00,183.50,29168
2017/2/9,184.00,185.50,183.50,184.00,18967
2017/2/10,184.50,185.50,184.00,185.50,34747
2017/2/13,186.50,188.00,186.50,187.50,25124
2017/2/14,189.00,190.00,187.50,187.50,45696
2017/2/15,187.00,189.50,186.50,189.00,39347
2017/2/16,190.00,190.50,188.00,189.00,27018
2017/2/17,190.00,190.50,189.00,189.50,20389
2017/2/18,190.00,190.50,189.50,189.50,3494
2017/2/20,190.00,190.50,189.50,190.00,13254
2017/2/21,190.00,190.00,188.50,190.00,31159
2017/2/22,190.50,191.00,188.50,188.50,25677
2017/2/23,188.00,189.50,187.00,188.50,35725
2017/2/24,187.50,190.50,187.50,189.00,22766
2017/3/1,188.50,188.50,186.00,186.00,46186
2017/3/2,188.00,188.50,185.00,186.00,39980
2017/3/3,184.50,185.00,184.00,184.00,28197
2017/3/6,184.00,184.50,183.50,183.50,12531
2017/3/7,184.00,185.50,184.00,185.50,18812
2017/3/8,186.00,188.00,185.50,187.00,31791
2017/3/9,185.50,186.00,184.00,184.50,28489
2017/3/10,184.00,184.50,183.00,183.50,20053
2017/3/13,185.00,186.50,185.00,186.50,10487
2017/3/14,188.00,188.00,186.00,186.00,22245
2017/3/15,185.50,187.00,185.50,186.50,14131
2017/3/16,188.00,190.00,188.00,190.00,31507
2017/3/17,189.50,191.50,189.00,191.50,33764
2017/3/20,191.50,191.50,189.50,191.50,16215
2017/3/21,192.00,195.00,191.50,195.00,32246
2017/3/22,192.50,193.50,191.50,193.50,27396
2017/3/23,192.00,193.50,192.00,193.50,18472
2017/3/24,192.00,193.00,192.00,192.50,17541
2017/3/27,194.50,194.50,192.00,193.00,29251
2017/3/28,195.00,195.00,192.50,194.50,38259
2017/3/29,194.50,194.50,191.00,191.50,33374
2017/3/30,192.50,193.00,190.50,191.50,28302
2017/3/31,191.00,192.00,189.00,189.00,33635
2017/4/5,189.50,193.00,189.50,193.00,43748
2017/4/6,193.00,193.00,191.00,191.50,16173
2017/4/7,192.00,192.00,188.50,191.00,18911
2017/4/10,191.00,191.50,189.50,190.00,17024
2017/4/11,190.00,191.00,189.00,191.00,8441
2017/4/12,190.50,191.50,190.00,191.00,17283
2017/4/13,189.50,192.00,189.50,191.50,14771
2017/4/14,189.50,189.50,188.00,189.00,30701
2017/4/17,189.00,189.00,187.50,187.50,17096
2017/4/18,188.00,189.50,187.50,188.00,25063
2017/4/19,187.50,187.50,186.50,186.50,30477
2017/4/20,186.50,188.00,186.50,187.00,21488
2017/4/21,187.50,190.00,187.50,190.00,17373
2017/4/24,191.00,191.50,188.50,190.00,19317
2017/4/25,190.50,192.00,189.50,192.00,31932
2017/4/26,192.00,192.00,190.50,191.00,29909
2017/4/27,192.00,193.00,190.50,193.00,27940
2017/4/28,193.50,194.50,193.00,194.50,34852
2017/5/2,198.50,199.00,195.50,196.50,44119
2017/5/3,198.00,198.50,197.00,198.00,25723
2017/5/4,198.50,199.00,197.00,198.00,22088
2017/5/5,197.00,198.50,197.00,197.50,17036
2017/5/8,199.00,202.50,199.00,202.50,36538
2017/5/9,205.50,207.00,203.50,203.50,48077
2017/5/10,204.00,206.00,204.00,205.50,28312
2017/5/11,204.50,208.50,204.00,207.50,43718
2017/5/12,205.00,207.00,205.00,206.00,25009
2017/5/15,204.00,206.00,204.00,206.00,25666
2017/5/16,205.00,205.00,203.50,204.50,33224
2017/5/17,203.00,204.00,203.00,204.00,21567
2017/5/18,202.50,204.00,201.50,203.50,22461
2017/5/19,203.50,204.50,202.50,203.00,16492
2017/5/22,203.50,205.00,203.00,205.00,13726
2017/5/23,205.00,207.00,204.50,205.00,19991
2017/5/24,205.00,206.00,205.00,205.50,13380
2017/5/25,206.00,207.00,205.50,207.00,22328
2017/5/26,205.00,207.00,205.00,207.00,32514
2017/5/31,206.50,207.00,203.00,203.00,67475
2017/6/1,205.00,207.00,204.50,207.00,27589
2017/6/2,208.50,209.00,207.50,209.00,22573
2017/6/3,209.00,209.00,208.00,209.00,1510
2017/6/5,209.50,212.00,209.00,212.00,21487
2017/6/6,210.50,211.50,210.50,210.50,14912
2017/6/7,212.00,212.50,210.00,211.50,29514
2017/6/8,212.00,213.00,211.50,213.00,18437
2017/6/9,214.50,215.00,212.00,212.00,31774
2017/6/12,207.00,210.00,207.00,207.50,58256
2017/6/13,207.00,208.50,206.50,208.00,43566
2017/6/14,208.50,209.50,206.00,207.00,36293
2017/6/15,207.50,208.00,207.00,208.00,17748
2017/6/16,207.50,212.00,207.00,211.50,32816
2017/6/19,211.00,213.00,210.50,213.00,15632
2017/6/20,215.00,218.00,214.50,216.50,28630
